Time	Fp1_Delta(%)	Fp1_Theta(%)	Fp1_Alpha(%)	Fp1_Beta(%)	Fp1_Gamma(%)	Fp2_Delta(%)	Fp2_Theta(%)	Fp2_Alpha(%)	Fp2_Beta(%)	Fp2_Gamma(%)	Heartbeat(bpm)	SDNN(ms)	RMSSD(ms)	VLF(%)	LF(%)	HF(%)
오후 9:11:29.249 	31.729833	33.219378	12.079963	9.394767	7.964871	31.513688	34.115315	11.270911	9.646055	8.271076	80.831197	77.575110	36.413312	18.373198	58.381430	23.245371
오후 9:11:30.277 	31.941240	33.083082	12.130930	9.325756	7.961552	31.998195	34.030639	11.253662	9.453781	8.170969	80.684221	76.621876	36.156627	18.758973	59.159077	22.081950
오후 9:11:31.279 	31.903850	33.286303	12.094055	9.164983	7.979031	31.818086	34.357849	11.166405	9.361688	8.090279	80.564858	76.078687	36.156627	18.760632	59.292951	21.946417
오후 9:11:32.358 	32.037869	33.290455	12.097214	9.154718	7.859595	32.030991	34.412676	11.195573	9.260348	7.923785	80.200719	74.076892	36.102934	18.760939	59.290367	21.948695
오후 9:11:33.781 	32.259193	33.126902	12.091770	9.193591	7.805058	31.784305	34.585748	11.272348	9.225950	7.936601	80.059568	72.924446	35.893785	18.658772	56.942117	24.399110
오후 9:11:34.584 	30.042235	34.555291	12.272108	9.512296	8.082600	31.800498	34.722627	10.971239	9.321034	8.010415	79.989179	72.944430	36.116834	18.660168	57.013923	24.325910
오후 9:11:35.408 	29.476119	33.597581	12.583598	10.023345	8.627049	30.899179	33.910244	11.687400	9.686921	8.535571	79.870340	72.752295	35.893785	18.594528	57.123564	24.281908
오후 9:11:36.325 	29.448144	33.620924	12.869678	10.035233	8.409117	31.104751	34.012258	11.898415	9.514995	8.298322	80.000000	73.498387	35.795764	17.382717	56.479257	26.138026
오후 9:11:37.396 	30.208580	34.706008	12.200165	9.399058	7.844750	31.568592	35.494038	11.227784	8.815454	7.719433	79.962139	73.104467	35.728394	17.552620	57.789111	24.658269
오후 9:11:38.290 	30.845490	35.089795	11.909978	9.271797	7.143752	32.446942	35.796566	10.742119	8.575945	7.164249	79.672400	70.869655	35.999720	17.237849	56.314877	26.447274
오후 9:11:39.303 	30.338654	34.993934	12.065910	9.469493	7.369470	32.345090	35.818329	10.773970	8.604818	7.241418	79.691366	69.977546	35.729343	18.380282	55.997347	25.622371
오후 9:11:40.267 	30.395485	33.757371	12.318158	9.981040	7.644659	32.254120	34.713681	11.046586	9.049120	7.498714	79.559068	68.950266	35.618244	18.639044	55.735990	25.624966
오후 9:11:41.329 	31.040580	33.518239	12.145964	9.887943	7.727775	32.817891	34.529198	10.882444	8.961006	7.558178	79.207072	65.880411	35.750865	20.922738	54.998683	24.078579
오후 9:11:42.371 	31.237097	33.269996	12.331858	9.878084	7.721199	32.845586	34.573046	10.936338	8.895719	7.519276	78.831425	65.621488	36.800368	22.472124	56.585895	20.941981
오후 9:11:43.325 	31.605946	33.329371	12.166033	9.750660	7.603737	33.181484	34.790838	10.693287	8.755073	7.379826	78.440111	65.785750	36.536875	22.908644	55.367486	21.723869
오후 9:11:44.318 	31.531742	33.419678	12.171597	9.715633	7.576983	33.147451	34.792723	10.702907	8.739791	7.379143	78.253275	66.869806	36.536875	23.734231	54.357463	21.908306
오후 9:11:45.327 	28.402253	31.965341	12.846821	11.515902	8.978101	31.500436	33.564941	10.950685	9.876785	8.338597	78.175689	66.784942	37.843330	24.680000	52.094330	23.225670
오후 9:11:46.292 	27.404827	31.728941	13.754102	11.382243	9.031966	30.572958	33.232031	12.147297	9.695675	8.330219	78.089504	66.832333	38.477389	25.954552	52.510869	21.534579
오후 9:11:47.400 	27.034635	32.808935	13.074881	11.417976	9.042290	30.479791	34.081897	11.056294	9.947264	8.572625	77.938715	65.892600	38.401584	26.532543	52.279332	21.188125
오후 9:11:48.385 	26.536035	32.957548	13.056074	11.480060	9.134133	30.648105	34.052807	10.895249	9.916517	8.519319	77.632506	62.742706	39.049477	26.526026	51.926637	21.547337
오후 9:11:49.338 	26.947019	32.770117	13.034058	11.326095	8.998877	31.451649	34.019175	10.688913	9.775971	8.203820	77.769595	63.445711	39.041935	25.977517	46.406160	27.616323
오후 9:11:50.365 	27.438713	33.322663	12.709960	11.150090	8.591250	31.816490	34.829049	10.424694	9.575818	7.510886	77.777334	64.263827	38.882397	26.668663	44.909010	28.422326
오후 9:11:51.343 	26.430623	33.926215	12.804073	11.329170	8.739460	29.846003	36.430550	10.696440	9.870682	7.557596	77.855142	64.353429	38.121478	28.720020	44.766252	26.513728
오후 9:11:52.387 	24.700815	34.158067	12.964263	11.880729	9.082958	29.704428	35.933883	10.672298	10.094800	7.787775	77.764482	63.556331	37.962514	30.036137	44.885828	25.078035
오후 9:11:53.394 	23.587965	34.121566	13.371699	12.484540	9.304312	28.177494	36.185513	11.158321	10.405129	8.018005	77.575758	62.137621	37.592118	30.168423	44.802535	25.029042
오후 9:11:54.324 	23.622273	34.269292	13.291369	12.343955	9.349579	28.357043	36.360083	10.925701	10.335504	8.105399	77.508798	61.942133	36.729830	26.908134	50.194716	22.897151
오후 9:11:55.324 	23.721420	34.384861	13.171930	12.217546	9.324380	28.461207	36.518175	10.861889	10.278340	8.067847	77.513121	62.720788	37.801653	20.398088	56.085737	23.516175
오후 9:11:56.391 	23.823292	34.459535	13.140332	12.195422	9.229266	28.572106	36.693357	10.921444	10.161607	7.892079	77.385482	63.287659	37.423968	15.993383	59.482784	24.523833
오후 9:11:57.448 	24.578673	32.839443	13.530627	12.589945	9.610211	30.510847	33.616396	11.269165	10.912092	8.481444	77.441953	63.001092	38.368841	14.137276	60.417807	25.444917
오후 9:11:58.445 	24.584829	32.952860	13.509326	12.480630	9.602507	30.528991	33.797768	11.252002	10.810216	8.413434	77.488218	62.645010	38.411238	11.021094	58.432058	30.546848
오후 9:11:59.449 	24.571282	33.067686	13.559013	12.417062	9.562315	30.634341	33.914546	11.267898	10.643427	8.317355	77.544839	62.130297	38.411238	8.373505	57.590309	34.036186
오후 9:12:00.364 	24.609635	33.079270	13.518463	12.405971	9.551581	30.747633	33.968644	11.299521	10.596276	8.210177	77.529388	62.193150	38.003885	5.745041	55.010735	39.244224
오후 9:12:01.346 	24.698355	33.167520	13.483953	12.341219	9.519738	30.779127	34.047604	11.298234	10.554449	8.119285	77.642833	61.467342	38.411238	5.504497	57.375696	37.119807
오후 9:12:02.422 	24.742443	33.181888	13.463290	12.280542	9.542410	30.767041	34.035508	11.336922	10.500012	8.082904	77.741076	60.465800	38.538147	5.028811	60.538049	34.433141
오후 9:12:03.427 	25.180951	33.788408	13.279598	11.974400	9.119654	31.470809	34.253714	11.141201	10.110907	7.687452	77.818812	59.600610	37.963713	5.028652	60.538867	34.432481
오후 9:12:04.403 	25.704788	34.157668	12.830925	11.764488	8.933876	32.009159	34.568963	10.696953	9.974217	7.419869	77.777334	59.969927	38.132150	5.569333	60.306998	34.123669
오후 9:12:05.398 	26.070009	34.175400	12.678459	11.625081	8.871198	32.541942	34.282063	10.662705	9.758044	7.324077	77.769595	59.651982	38.012724	5.425828	60.433796	34.140375
오후 9:12:06.369 	26.327312	33.741868	12.446176	11.885010	8.873705	33.108494	33.659448	10.524038	9.919629	7.302113	77.922702	58.900126	38.198784	5.890979	60.209849	33.899172
오후 9:12:07.492 	26.647977	33.982124	12.522372	11.649177	8.577241	33.390107	33.996062	10.523360	9.606525	6.992158	77.933106	58.769451	37.597529	6.869690	58.924831	34.205479
오후 9:12:08.422 	25.937022	35.951023	12.435425	10.896922	8.100535	32.641435	36.096749	10.288398	8.921483	6.568468	77.865528	59.142804	37.448424	9.167581	57.770475	33.061945
오후 9:12:09.377 	27.799746	35.588512	11.983110	10.446656	7.674126	34.574192	35.301594	10.047666	8.410122	6.235640	77.892518	58.614439	37.282103	10.094071	57.025314	32.880615
오후 9:12:10.400 	27.994124	35.851760	11.839904	10.280898	7.551042	34.913447	35.668005	10.028109	8.083850	5.953341	78.110405	57.291799	37.421250	13.023016	53.531881	33.445103
오후 9:12:11.451 	28.093894	36.095787	11.913445	10.057837	7.344436	35.139940	36.076161	9.994370	7.842687	5.664289	78.220316	55.857434	37.246867	14.990778	49.394023	35.615199
오후 9:12:12.522 	28.326680	36.273268	11.832433	9.863120	7.161253	35.319364	36.410997	10.032192	7.535432	5.468441	78.230800	55.721448	37.467434	21.967848	43.292917	34.739235
오후 9:12:13.439 	28.235070	36.774886	11.924866	9.863759	6.736056	34.985891	37.051692	10.051629	7.413121	5.161484	78.232570	55.121233	37.550400	24.197788	43.119280	32.682932
오후 9:12:14.473 	28.394920	36.928985	11.723563	9.808477	6.676652	35.387641	37.005836	9.927361	7.336073	5.044416	78.367347	54.947543	37.550400	24.475793	43.304403	32.219804
오후 9:12:15.503 	28.105833	37.099786	11.691607	9.797629	6.707791	35.295751	36.765982	9.989275	7.337816	5.005217	78.456886	55.399380	37.537958	24.824238	43.084786	32.090976
오후 9:12:16.561 	28.248120	37.143621	11.684423	9.663387	6.554963	35.572753	36.754208	9.833071	7.230910	4.831119	78.554729	55.361015	37.357421	24.850165	43.673661	31.476174
오후 9:12:17.628 	28.569527	37.601056	11.680295	9.320262	6.285863	35.965823	37.299024	9.634833	6.891779	4.564543	78.549512	55.371753	37.582467	25.316619	42.358072	32.325309
오후 9:12:18.597 	28.010584	38.168385	12.002491	9.161070	6.227166	35.728109	37.840803	9.681096	6.622014	4.424051	78.544295	55.367938	37.582467	25.881055	41.473425	32.645520
오후 9:12:19.578 	28.525674	37.711736	12.063767	9.386190	6.270827	36.302822	37.248287	9.806636	6.692040	4.416112	78.486960	55.449726	37.074191	25.595728	40.890762	33.513510
오후 9:12:20.538 	28.512845	37.661367	12.350907	9.411688	6.270489	35.853651	37.864468	9.869167	6.751801	4.358804	78.284353	54.959737	37.139120	24.394782	36.753408	38.851810
오후 9:12:21.573 	28.514795	38.118396	12.143628	8.651380	6.062997	33.833043	40.177896	9.468350	6.100012	4.148654	77.938310	54.924202	37.222279	22.590822	37.590412	39.818766
오후 9:12:22.561 	27.593290	39.586710	12.317727	8.484980	5.939732	32.352311	42.099842	9.896867	5.774136	4.043726	77.849950	54.754497	38.193458	21.259389	43.796985	34.943625
오후 9:12:23.609 	28.615886	39.226019	11.748570	8.536881	5.832778	33.446614	41.726703	9.323020	5.830456	3.846279	77.846377	54.238715	38.252288	20.394113	48.107312	31.498575
오후 9:12:24.596 	28.263786	39.415032	11.895261	8.622742	5.792501	33.047850	41.952694	9.408543	5.870125	3.826749	77.782516	54.342190	38.495891	20.216909	48.289251	31.493840
오후 9:12:25.595 	28.457684	39.288274	11.946300	8.596176	5.721720	33.536326	41.830461	9.289003	5.784688	3.787429	77.887389	54.629969	38.479928	20.636610	47.222780	32.140610
오후 9:12:26.571 	27.883797	38.434518	12.226353	9.095714	5.847922	32.542505	39.944601	10.378070	6.293045	3.974430	77.877132	54.613643	38.729564	19.600331	47.290150	33.109519
오후 9:12:27.512 	24.981241	38.241636	13.391307	9.867374	6.540379	29.279511	42.300328	10.497804	6.566740	4.471282	77.642833	54.285682	39.132749	17.106683	45.713608	37.179709
오후 9:12:28.490 	25.161254	38.036519	13.342312	9.923978	6.526580	29.459423	42.115286	10.470574	6.649661	4.352105	77.421409	54.348199	39.257327	12.770604	52.405185	34.824211
오후 9:12:29.505 	25.603926	37.282168	13.450204	10.450662	6.925621	28.841137	41.875907	10.649681	7.212077	4.658835	77.232502	53.970016	39.872307	9.944475	59.816140	30.239384
오후 9:12:30.498 	25.539200	37.589063	13.420663	10.364525	6.898945	28.929572	42.006194	10.583925	7.149541	4.683678	77.160420	53.572470	39.628709	9.124355	62.668755	28.206891
오후 9:12:31.460 	25.710191	37.636485	13.373601	10.307072	6.826379	28.994233	42.124672	10.529487	7.124945	4.609916	77.104359	53.712725	39.088533	8.853024	62.059201	29.087775
오후 9:12:32.534 	25.784904	37.557334	13.360248	10.252469	6.805509	29.126010	42.116464	10.609364	7.039832	4.556618	76.892271	53.443562	38.930308	8.052617	59.596869	32.350514
오후 9:12:33.494 	26.063101	37.678886	13.222250	10.150958	6.673085	29.559452	41.975339	10.629489	6.977409	4.406304	76.967100	53.313603	39.715890	7.838382	59.200334	32.961284
오후 9:12:34.497 	26.238399	37.773517	12.916068	10.108989	6.652264	29.735795	41.998612	10.541851	6.855865	4.442075	76.992481	53.352378	38.979078	7.862443	59.277250	32.860308
오후 9:12:35.497 	26.626037	37.291568	13.141007	10.199179	6.552368	30.495187	41.587226	10.430850	6.910009	4.265088	76.784643	51.488705	38.731175	7.793987	59.200831	33.005182
오후 9:12:36.475 	25.684030	33.644932	14.631194	11.971661	7.460769	29.673806	38.454991	11.803338	8.253714	5.020260	76.946806	53.151675	39.402169	6.759712	58.626738	34.613550
오후 9:12:37.535 	25.745423	34.062583	14.415982	11.771576	7.555884	30.004885	38.339466	11.667269	8.221202	5.043797	76.907671	53.550407	39.794659	6.422302	60.279994	33.297704
오후 9:12:38.517 	25.639071	34.258485	14.313181	11.778943	7.604257	29.992351	38.245761	11.680106	8.188425	5.034772	76.902537	53.530278	40.513588	6.518967	61.909799	31.571234
오후 9:12:39.516 	25.655287	34.249073	14.406434	11.758536	7.574873	30.052331	38.144037	11.737406	8.168128	5.031017	76.699080	54.045218	41.107907	6.521448	61.699301	31.779251
오후 9:12:40.492 	25.446964	34.339278	14.556992	11.765246	7.586845	30.121196	38.175887	11.763567	8.107581	4.951069	76.621217	54.507476	40.230121	6.491812	61.666579	31.841609
오후 9:12:41.493 	25.713001	34.189373	14.507553	11.812450	7.535223	30.220993	38.166608	11.681898	8.104990	4.968021	76.723277	53.617519	40.638093	6.122194	62.207681	31.670125
오후 9:12:42.623 	24.146027	34.381755	14.737508	12.546597	7.993991	29.616448	37.340538	12.124007	8.813559	5.342000	76.805120	52.566924	40.759689	5.792733	61.418257	32.789010
오후 9:12:43.653 	23.863519	34.475734	14.931073	12.465617	8.034071	29.763372	37.246141	12.104611	8.770037	5.317743	76.876877	51.618935	39.519080	5.414903	60.505557	34.079539
오후 9:12:44.591 	23.884533	34.438136	14.905477	12.499301	8.079382	29.680845	37.016805	12.217644	8.859470	5.352664	76.891055	51.431606	39.226219	4.892236	60.462770	34.644993
오후 9:12:45.518 	23.887863	34.518578	15.007269	12.523569	8.020459	29.695038	37.073887	12.156937	8.832706	5.348887	76.866618	51.648381	39.109980	4.299688	61.217344	34.482968
오후 9:12:46.537 	23.967757	34.464042	15.158453	12.498719	7.950281	29.537696	37.400857	12.134577	8.820453	5.316556	77.058552	52.269413	38.411238	2.254826	67.888569	29.856604
오후 9:12:47.618 	23.061504	32.085132	16.007893	14.248331	8.950240	28.320673	35.049552	12.981187	10.517763	6.249118	77.129832	53.200406	37.713692	1.268695	70.114901	28.616404
오후 9:12:48.656 	23.074582	31.891410	16.045888	14.262811	9.045608	28.372481	35.175663	12.909258	10.390561	6.297397	76.897403	50.152411	37.777099	0.752825	70.560006	28.687169
오후 9:12:49.694 	23.142742	31.987931	15.955930	14.346903	8.953865	28.320155	35.050243	13.058859	10.264554	6.272479	76.870802	48.883658	37.167580	0.519585	69.976951	29.503464
오후 9:12:50.608 	22.929980	32.220224	16.033755	14.256755	8.939046	28.365671	35.088499	13.032084	10.208092	6.262041	76.933351	49.898502	37.096871	0.137455	67.788133	32.074412
오후 9:12:51.576 	22.852159	32.226696	16.179018	14.247192	8.872420	28.348902	35.094463	13.155449	10.226898	6.232942	76.969333	50.161236	37.185699	0.027530	66.942614	33.029856
오후 9:12:52.586 	22.921597	32.355603	15.945593	14.261797	8.828659	28.315549	35.054060	13.182149	10.272618	6.207911	76.880927	49.555790	36.967244	0.070204	67.369060	32.560736
오후 9:12:53.536 	23.011627	32.335306	15.824605	14.192952	8.801524	28.372801	34.962339	13.183050	10.281780	6.187294	77.051702	49.350012	36.979960	0.300980	67.413826	32.285195
오후 9:12:54.549 	23.015114	32.351282	15.938205	14.177196	8.814248	28.321808	34.960068	13.242077	10.299405	6.128686	77.201448	48.204164	37.091312	0.352196	66.419536	33.228269
오후 9:12:55.568 	22.967261	32.286554	16.073683	14.273427	8.773764	28.175251	34.961195	13.335628	10.396198	6.103130	77.308609	46.919296	35.903517	0.333685	66.508621	33.157694
오후 9:12:56.681 	22.936710	32.021093	16.164788	14.386382	8.769292	28.330703	34.700372	13.323192	10.367027	6.186149	77.370095	47.106519	36.115389	0.584203	65.679358	33.736440
오후 9:12:57.632 	22.817210	31.875700	16.170770	14.637035	8.782916	28.271953	34.476766	13.380014	10.354850	6.148164	77.411141	46.984521	36.340024	0.567796	65.780404	33.651800
오후 9:12:58.621 	22.856294	31.797224	16.128437	14.550657	8.801382	28.230158	34.533675	13.373904	10.266907	6.164735	77.533988	46.324422	36.131029	0.342944	65.561643	34.095414
오후 9:12:59.619 	22.869636	31.740308	16.144377	14.632188	8.761132	28.204072	34.606607	13.357794	10.297942	6.111914	77.611861	46.105567	36.454613	0.446316	65.090723	34.462961
오후 9:13:00.600 	22.877248	31.634298	16.195051	14.707581	8.747073	28.264893	34.583553	13.349714	10.296643	6.147303	77.601542	46.106264	36.718750	0.462509	65.250763	34.286728
오후 9:13:01.588 	22.829805	31.548947	16.189757	14.935335	8.767799	28.109887	34.773019	13.431383	10.358889	6.177829	77.601542	46.106264	36.763050	0.679338	64.323508	34.997154
오후 9:13:02.625 	22.821428	31.548152	16.181849	14.997473	8.702666	27.814303	35.485209	13.305076	10.354048	6.182761	77.792883	45.502452	36.950730	0.925302	64.661527	34.413171
오후 9:13:03.617 	20.234390	30.706233	17.197635	16.356537	9.498258	24.867467	35.320831	14.545421	11.572169	6.983039	77.839568	45.174845	37.024986	1.208417	64.807755	33.983828
오후 9:13:04.586 	20.107712	30.641681	17.426424	16.238807	9.453969	25.017375	35.162386	14.658794	11.756194	7.003240	77.813625	45.222967	36.851489	1.606301	64.770519	33.623181
오후 9:13:05.626 	19.113150	29.755108	18.220881	16.884577	9.751091	23.625493	34.305251	15.344058	12.577671	7.445538	77.769595	45.274127	37.068775	2.296175	64.015668	33.688157
오후 9:13:06.590 	18.969095	30.003868	18.266730	16.828869	9.702228	23.584389	34.313274	15.416543	12.528949	7.487711	77.861751	44.581521	37.055232	2.405072	63.843684	33.751243
오후 9:13:07.625 	18.891711	29.959044	18.245031	16.917492	9.694715	23.289331	34.533607	15.360237	12.586142	7.479697	77.907101	44.565742	37.219546	3.394323	62.503055	34.102621
오후 9:13:08.603 	14.354548	24.559515	21.590258	20.732697	11.962136	17.344845	29.565219	19.925989	16.606325	9.795321	77.824000	45.199401	37.350505	4.508608	60.807642	34.683751
오후 9:13:09.652 	14.424844	24.499176	21.665917	20.791427	11.921036	17.281609	29.783501	19.670057	16.611039	9.889598	77.877132	45.017401	37.970446	4.916858	61.355755	33.727387
오후 9:13:10.656 	14.388792	24.398138	21.706460	20.836029	11.994460	17.310806	29.679357	19.600332	16.581045	9.868791	77.892518	44.933221	38.136643	5.393415	60.467766	34.138819
오후 9:13:11.599 	14.341689	24.300966	21.714620	21.021075	12.069063	17.222587	29.408246	19.743761	16.581120	9.925264	77.953923	44.981011	38.593539	5.774844	59.015691	35.209464
오후 9:13:12.716 	14.213502	24.479192	21.561405	21.073682	12.079820	17.223756	29.392356	19.512202	16.624038	10.050180	77.886309	45.528918	38.038666	6.623240	59.390039	33.986721
오후 9:13:13.651 	14.115314	24.552261	21.544022	21.165695	12.080683	17.370931	29.296419	19.404723	16.643353	10.037839	77.866877	44.979505	38.742522	6.526718	59.382656	34.090626
오후 9:13:14.647 	14.162340	30.720161	19.506349	18.565854	10.470409	16.096713	38.818301	16.846947	13.631295	8.184436	77.720373	44.601289	39.135349	6.532770	59.327593	34.139637
오후 9:13:15.615 	16.480865	30.169442	19.190631	16.391086	9.010837	18.973753	37.391919	16.841665	11.792007	7.029179	77.586069	45.096349	39.384093	6.999764	56.239898	36.760339
오후 9:13:16.626 	19.818824	32.188210	17.347106	15.200394	8.519404	22.692527	39.308642	14.361925	10.663154	6.410062	77.728707	45.634261	41.032754	6.956786	56.745108	36.298106
오후 9:13:17.731 	19.890375	32.126785	17.557470	15.021946	8.478219	22.864383	39.136703	14.522223	10.544075	6.450146	77.756611	46.225715	40.979026	6.962758	56.670810	36.366432
오후 9:13:18.688 	19.919845	32.046103	17.328915	15.089587	8.583936	22.842847	39.117905	14.479098	10.707338	6.375594	77.808438	46.114392	41.105432	7.135718	56.100752	36.763530
오후 9:13:19.693 	20.044695	31.669226	17.422608	15.001183	8.666028	22.807379	39.079394	14.435356	10.636669	6.445323	77.995252	45.915768	40.826731	7.096861	55.687301	37.215838
오후 9:13:20.644 	20.282452	31.504404	17.589257	14.890388	8.616721	22.896166	38.676238	14.634968	10.567592	6.470716	78.149861	44.549576	40.179846	7.068371	55.766663	37.164965
오후 9:13:21.648 	20.153164	32.053271	17.411675	14.680697	8.660324	23.153640	38.346241	14.674059	10.458454	6.492403	78.131317	44.771272	40.391456	9.224050	51.965556	38.810394
오후 9:13:22.761 	16.641434	29.622008	18.938646	17.310201	9.972992	20.231864	36.000370	15.561513	12.738297	7.978712	78.273991	46.349058	41.976048	12.961837	44.240409	42.797754
오후 9:13:23.658 	16.692488	29.624978	18.921962	17.281692	9.955292	20.321696	36.008133	15.378369	12.915244	7.975645	78.434909	49.028792	41.853902	18.240665	38.190039	43.569296
오후 9:13:24.648 	16.820054	29.370631	18.888357	17.496822	9.946925	20.079231	35.693995	15.724084	13.002969	8.042124	78.586047	51.439408	41.837109	20.000849	38.122043	41.877108
오후 9:13:25.653 	16.775262	29.232406	18.859488	17.522844	10.129810	19.852713	35.647857	15.744575	13.138666	8.418113	78.648756	51.690621	41.461103	21.032995	37.853585	41.113420
오후 9:13:26.698 	16.884404	29.652194	18.885866	17.118172	10.023542	19.939107	36.087309	15.374708	13.120414	8.387782	78.737767	51.138853	41.598884	21.095047	38.279531	40.625422
오후 9:13:27.721 	17.382118	29.514481	18.435001	17.019825	10.072100	20.285279	35.753247	15.222284	13.244661	8.427588	78.945704	50.204682	41.932419	21.678398	38.006608	40.314994
오후 9:13:28.684 	16.762203	31.511229	18.379275	16.209556	9.601193	20.148717	37.038108	15.109039	12.667364	8.054014	79.042973	50.182458	42.809589	20.954482	40.709583	38.335935
오후 9:13:29.673 	16.834869	31.761241	18.747440	15.357365	9.182840	20.426840	37.041346	15.669999	12.028006	7.757468	79.042973	50.182458	43.006114	19.879013	41.337642	38.783345
오후 9:13:30.805 	17.448051	32.424175	18.259091	15.235848	8.984876	21.101386	37.576615	15.314784	11.685277	7.624029	79.143876	50.126386	44.131353	19.875816	41.280773	38.843412
오후 9:13:31.738 	17.382162	32.610542	18.239092	15.199040	9.016347	21.173331	37.387405	15.339628	11.716876	7.662550	79.353557	50.570436	43.370411	18.837418	42.216166	38.946415
오후 9:13:32.715 	17.328067	32.735623	18.416968	15.103153	8.984088	21.103441	37.235858	15.348698	11.788740	7.718935	79.443008	50.953935	43.648239	18.792337	43.343907	37.863757
오후 9:13:33.761 	17.416206	32.457959	18.505034	15.148623	8.936595	21.052068	37.194602	15.405350	11.884340	7.729189	79.511548	51.194171	43.666396	18.233729	43.540723	38.225548
오후 9:13:34.708 	17.304257	32.679996	18.345751	15.231097	8.807953	20.615579	37.718233	15.509201	11.901998	7.538636	79.532661	51.212033	43.072392	17.652030	44.350459	37.997512
오후 9:13:35.813 	17.278204	33.012840	18.142692	15.156552	8.753000	20.535472	37.799855	15.525043	11.840374	7.483789	79.154334	50.099212	43.217073	17.549067	44.265550	38.185383
오후 9:13:36.747 	17.286798	33.090582	18.093758	15.175654	8.742464	20.405922	37.744536	15.762380	11.872564	7.423935	78.992550	50.007163	42.586571	17.827658	44.794955	37.377387
오후 9:13:37.853 	17.185557	33.132240	18.141806	15.205596	8.747241	20.436221	37.881223	15.632274	11.854707	7.445002	79.069394	49.849122	42.449294	17.332153	44.080802	38.587045
오후 9:13:38.875 	17.221282	33.087167	18.083971	15.207402	8.745873	20.431424	37.879135	15.485988	11.908972	7.487905	79.201768	48.377184	42.364073	16.469457	42.842034	40.688510
오후 9:13:39.825 	17.235090	33.114240	17.850323	15.326690	8.749705	20.402349	38.000417	15.466240	11.923210	7.421124	79.280042	47.171831	41.690704	14.711418	47.028570	38.260012
오후 9:13:40.871 	17.163132	33.032717	17.887277	15.449894	8.771445	20.497960	37.901658	15.282014	11.986731	7.470382	79.259063	47.343434	41.766687	15.432201	46.102694	38.465106
오후 9:13:41.849 	17.023903	32.898885	17.892460	15.605466	8.823804	20.394327	38.056236	15.325163	12.034550	7.356362	79.301033	46.964993	41.823583	15.159993	46.268048	38.571959
오후 9:13:42.982 	17.083771	32.529710	18.065202	15.686434	8.910965	20.320763	38.025232	15.340514	12.085397	7.345421	79.437740	46.133433	41.773803	13.955960	45.350493	40.693547
오후 9:13:43.934 	17.119445	32.494936	17.829971	15.898491	8.852717	20.295034	38.113043	15.501357	12.018414	7.304311	79.364070	46.525740	41.915875	13.155633	46.655570	40.188797
오후 9:13:44.935 	17.198325	32.365708	17.812996	15.892116	8.842713	20.402076	38.172702	15.337317	11.915785	7.297376	79.206664	48.067922	42.186842	14.211283	46.790152	38.998566
오후 9:13:45.931 	17.088110	32.276149	17.752462	15.945690	8.926305	20.334520	38.417530	15.142959	11.893291	7.299803	79.048256	48.068765	42.968750	14.133542	46.797072	39.069386
오후 9:13:46.870 	17.085509	32.577566	17.551906	15.880359	8.985616	20.409423	38.424667	15.246612	11.828771	7.263709	78.926927	47.297795	42.943043	13.837687	46.071906	40.090406
오후 9:13:47.926 	17.204089	32.509556	17.499614	15.912934	8.993953	20.612031	38.348556	15.212191	11.875775	7.224317	78.633070	48.328490	43.315456	13.896925	45.470691	40.632383
오후 9:13:48.880 	17.399438	32.657975	17.244187	15.957781	8.848226	20.681483	38.237478	15.184570	11.938664	7.192291	78.544295	48.543552	43.315456	13.685770	46.505883	39.808347
오후 9:13:49.917 	17.479059	32.487617	17.309341	15.918094	8.851060	20.910345	38.087829	15.199422	11.827624	7.193956	78.424508	47.949388	43.211039	13.717984	46.767299	39.514717
오후 9:13:50.859 	17.530469	32.398327	17.329587	15.999701	8.938536	20.872970	38.253201	15.093678	11.845112	7.225399	78.304266	48.684905	43.413887	13.638941	47.421368	38.939691
오후 9:13:51.844 	17.409895	32.635540	17.216234	16.002908	8.911743	20.666551	38.433354	15.184501	11.831957	7.235738	78.144698	49.986239	43.062100	13.374954	47.539280	39.085766
오후 9:13:52.970 	17.420850	32.582800	17.303740	15.979983	8.931948	20.820295	38.362198	15.073110	11.812153	7.262459	78.077634	49.821863	43.136634	13.384676	47.525604	39.089720
오후 9:13:53.939 	17.345225	32.692947	17.310509	15.974852	8.916850	20.870232	38.440696	15.167247	11.779108	7.227515	77.995590	50.591937	43.701145	12.690179	46.607382	40.702440
오후 9:13:55.054 	16.839411	34.100996	17.073897	15.075669	8.393258	19.933084	39.530333	15.563151	10.851318	6.684355	77.881113	51.722442	43.656895	11.436186	44.151292	44.412522
오후 9:13:55.968 	18.080613	36.383801	16.139315	14.097557	7.921933	19.487491	43.987127	14.191993	9.887189	6.249431	77.751432	52.125223	43.582268	10.240052	43.249800	46.510148
오후 9:13:56.981 	18.842773	39.402398	14.957526	12.377545	7.027986	19.646614	45.936830	13.613181	8.815981	5.467932	77.795172	51.843541	44.157815	10.454128	43.095272	46.450600
오후 9:13:58.009 	22.444786	39.442683	13.917579	11.103117	6.277744	25.505850	43.908216	11.951152	7.634283	4.730886	77.907101	52.080935	43.617265	10.641967	42.887453	46.470580
오후 9:13:58.941 	23.095150	38.911387	13.761848	11.103842	6.235465	26.005134	43.470429	11.872287	7.603746	4.715438	78.046720	52.880899	43.241230	12.397497	40.382763	47.219740
오후 9:13:59.828 	23.841455	39.792573	13.490448	10.248697	5.757400	27.427614	43.566914	11.561750	6.931163	4.328545	78.087944	52.934125	43.703074	13.818871	40.796973	45.384156
오후 9:14:00.797 	24.070899	39.638954	13.401522	10.208443	5.754960	27.460547	43.516812	11.630030	6.908003	4.326756	78.073836	53.424281	44.297633	14.834394	41.712766	43.452840
오후 9:14:01.835 	24.201562	39.583044	13.436512	10.136487	5.772572	27.686678	43.370904	11.541751	6.880918	4.325386	78.103414	53.253832	44.271337	16.657313	41.402791	41.939896
오후 9:14:02.862 	24.043238	39.604331	13.532860	10.120538	5.821599	27.661056	43.418209	11.556976	6.856002	4.347458	78.113731	53.228561	44.845831	15.458198	41.812748	42.729055
오후 9:14:03.821 	24.051555	39.396406	13.597444	10.183760	5.785328	27.590816	43.401943	11.581711	6.888380	4.357048	78.093100	53.339154	44.731522	14.659016	41.620558	43.720426
오후 9:14:04.804 	24.090074	39.549069	13.354712	10.152718	5.900356	27.396860	43.396262	11.699885	6.796862	4.428197	78.084281	53.945169	44.863526	13.434969	43.139419	43.425612
오후 9:14:05.853 	24.174953	39.450126	13.255776	10.189478	5.978485	27.609948	43.193200	11.671994	6.801058	4.509280	78.134373	53.673453	45.532270	13.356589	43.466867	43.176544
오후 9:14:06.858 	24.023400	39.374181	13.139634	10.310611	6.045356	27.315507	43.247029	11.617581	6.912852	4.619447	78.139535	53.636325	45.918664	13.482715	43.448584	43.068701
오후 9:14:07.870 	23.960071	39.274156	13.213311	10.288373	6.173793	27.122860	43.144126	11.644880	7.048032	4.741864	78.331015	53.751319	47.035345	13.776741	43.436876	42.786384
오후 9:14:08.815 	24.012350	39.224026	13.174743	10.281382	6.279127	27.051393	43.141623	11.606954	7.087105	4.806000	78.648756	57.734464	47.591242	13.154863	44.707976	42.137161
오후 9:14:09.813 	23.811332	39.263704	13.118588	10.297078	6.417586	26.982062	43.199830	11.669779	7.094833	4.809840	78.763985	58.051540	47.472971	13.039478	46.083688	40.876834
오후 9:14:10.856 	23.740368	39.274297	13.014490	10.370790	6.540050	26.936326	43.143445	11.612255	7.200730	4.875823	78.872943	56.870409	47.534091	13.065706	46.140803	40.793491
오후 9:14:11.870 	23.808956	39.103004	12.969696	10.359256	6.712103	26.841448	43.038971	11.723602	7.215074	4.968605	78.904110	56.549733	46.910920	13.055322	46.060657	40.884021
오후 9:14:12.931 	23.675214	38.931216	13.000396	10.407014	6.792360	26.790832	43.028533	11.747532	7.206350	4.962235	78.800720	57.367116	47.071613	12.990235	46.021465	40.988300
오후 9:14:13.910 	23.219705	39.815306	12.949791	10.043445	6.625821	26.289033	44.506167	11.444853	6.807589	4.667781	78.748252	57.751263	46.651744	13.439372	45.481353	41.079275
오후 9:14:14.924 	23.631386	37.574720	13.549305	10.738304	7.094655	27.478316	41.890417	11.907591	7.501071	5.059898	79.238095	67.898206	61.333408	13.762111	47.822930	38.414959
오후 9:14:15.883 	22.130544	36.782128	13.925169	12.004246	7.895416	26.601229	40.366334	12.426658	8.459010	5.722119	79.137686	68.495557	62.039318	15.239090	44.431765	40.329145
오후 9:14:16.869 	22.256729	36.512020	13.890723	12.090945	7.905467	26.676101	40.150614	12.495806	8.455194	5.744330	79.585492	77.661040	70.055038	15.173866	46.427055	38.399079
오후 9:14:17.933 	22.304531	36.470911	13.723521	12.168618	7.961398	26.727539	40.219450	12.445684	8.470095	5.755672	79.601561	77.657011	70.102311	14.971340	46.629655	38.399004
오후 9:14:18.926 	22.285764	36.487490	13.719142	12.218320	7.950355	26.669464	40.338513	12.388435	8.388493	5.808716	79.504189	78.039067	70.358781	12.904307	47.730438	39.365255
오후 9:14:19.908 	22.295056	36.562722	13.672553	12.246408	7.934460	26.648806	40.362431	12.413622	8.419548	5.778575	79.433860	78.215682	70.285006	13.133878	45.687288	41.178834
오후 9:14:20.856 	22.155930	36.499287	13.607822	12.465635	7.969101	26.637471	40.407488	12.335616	8.449200	5.776482	79.881129	84.173873	77.028958	12.694244	44.397995	42.907761
오후 9:14:21.871 	22.169430	36.419667	13.670344	12.483399	7.984812	26.740343	40.245062	12.238529	8.460727	5.754607	79.688716	84.080613	85.244602	12.551393	43.921463	43.527144
오후 9:14:22.899 	22.111581	36.301324	13.868704	12.483780	8.050863	26.745373	40.158803	12.320875	8.469209	5.753877	79.439265	82.954144	85.244602	11.532253	44.232917	44.234830
오후 9:14:23.952 	21.997733	36.392151	13.845498	12.419085	8.054668	26.769284	40.144776	12.268235	8.357815	5.753088	79.105509	81.560874	85.330479	12.530359	43.880143	43.589498
오후 9:14:24.950 	22.004717	36.573186	13.892770	12.289728	8.057519	27.094346	40.214078	12.180837	8.321023	5.717720	79.471714	88.667799	91.657418	12.466753	43.923348	43.609899
오후 9:14:25.875 	21.945234	36.728910	13.887096	12.210757	7.986364	27.201403	40.534054	12.059942	8.262425	5.481930	79.497619	89.238777	98.532806	12.509816	43.357167	44.133017
오후 9:14:26.945 	21.686552	36.655371	13.887445	12.430345	8.042488	26.939605	40.551331	12.281334	8.288322	5.485356	79.355239	89.035083	98.297095	11.998047	41.595484	46.406468
오후 9:14:28.147 	21.744747	36.609187	13.831778	12.447408	7.998364	26.884486	40.671854	12.257865	8.237015	5.426481	79.228994	88.855164	97.795734	11.722103	41.823655	46.454242
오후 9:14:29.145 	21.790118	35.804595	13.704777	12.939997	8.390437	26.731827	40.312423	12.163433	8.516444	5.616554	79.295154	89.290705	97.807105	10.610726	42.057440	47.331833
오후 9:14:30.182 	22.056739	35.018471	13.257134	13.590759	8.747932	26.941980	39.792078	12.073541	8.827272	5.777341	79.104580	89.497380	97.891398	9.731213	44.398102	45.870685
오후 9:14:31.187 	22.115029	35.050198	13.094219	13.610779	8.751823	27.033947	39.786205	11.998274	8.787149	5.700713	78.801560	90.070128	97.941939	8.178981	46.071051	45.749968
오후 9:14:32.196 	22.165773	34.941401	13.162895	13.589447	8.741581	27.065153	39.738256	12.009465	8.763808	5.714625	78.570454	90.117307	98.397734	7.918387	45.929307	46.152306
오후 9:14:33.124 	22.166464	35.060980	12.918258	13.599100	8.846592	27.111867	39.672147	12.058093	8.663173	5.752462	78.490155	89.907929	98.330653	7.566510	46.533914	45.899576
오후 9:14:34.044 	22.169457	35.010608	12.840187	13.755589	8.848642	27.171367	39.651674	11.996480	8.654860	5.777548	78.437651	90.559468	98.807427	7.054355	46.372032	46.573613
오후 9:14:34.978 	22.813106	35.923975	12.861093	12.520105	8.213225	28.922350	40.290798	11.549190	7.537375	5.062470	78.383560	91.068326	99.095769	5.297148	45.910383	48.792469
오후 9:14:35.961 	25.394165	34.066942	12.764318	11.878779	7.834000	34.318059	36.589311	10.767265	6.954093	4.693512	78.378155	91.099384	99.095769	5.028557	46.259563	48.711880
오후 9:14:36.944 	23.410460	37.187387	12.310434	11.380633	7.574003	33.189175	35.981651	11.434148	7.358140	5.031533	78.255553	90.871944	98.685455	4.401239	47.025405	48.573356
오후 9:14:37.959 	27.334623	34.082135	12.053740	11.878374	7.429395	35.515808	33.381278	10.387449	8.947865	5.266543	78.135698	92.071715	99.384325	3.491230	46.910919	49.597851
오후 9:14:38.971 	20.905698	47.113231	12.144141	7.368824	4.454096	27.729032	36.788826	13.743829	9.774633	4.956155	78.437651	95.467462	105.508380	4.531816	44.153507	51.314677
오후 9:14:39.927 	35.275903	45.149591	7.729190	4.558632	2.043709	33.588498	39.226631	11.726387	7.738342	3.276147	78.513504	95.367166	108.029928	6.265174	46.980787	46.754039
오후 9:14:40.955 	36.310667	43.577469	7.916573	4.900170	2.030415	36.646763	38.020254	10.622725	7.523766	3.157144	78.543009	95.994954	108.680092	7.376985	51.778874	40.844141
