Time	Fp1_Delta(%)	Fp1_Theta(%)	Fp1_Alpha(%)	Fp1_Beta(%)	Fp1_Gamma(%)	Fp2_Delta(%)	Fp2_Theta(%)	Fp2_Alpha(%)	Fp2_Beta(%)	Fp2_Gamma(%)	Heartbeat(bpm)	SDNN(ms)	RMSSD(ms)	VLF(%)	LF(%)	HF(%)
오후 3:38:42.052 	41.098140	39.691822	6.244691	4.220742	4.125092	35.554867	41.623069	6.472162	6.224460	5.806246	77.875917	86.778246	76.687292	24.203639	42.496470	33.299891
오후 3:38:42.996 	41.590448	39.623524	6.152976	4.119991	3.976355	35.987868	41.702729	6.387307	6.071097	5.682578	77.980099	86.894276	77.155620	23.869177	43.371512	32.759311
오후 3:38:44.030 	41.628197	39.558526	6.213742	4.085714	3.989747	36.073150	41.674754	6.430095	6.010747	5.638652	78.001219	86.646625	77.159629	24.162002	42.950918	32.887080
오후 3:38:45.074 	40.617496	40.135425	6.318934	4.195891	4.064128	35.188204	42.022798	6.613546	6.168255	5.780700	77.990657	86.780107	76.543861	23.758852	43.038383	33.202765
오후 3:38:47.657 	40.087341	41.047663	6.668378	4.085285	3.775693	33.581219	44.278035	7.105295	6.019461	5.071702	77.890467	87.428991	76.511527	22.449804	45.095253	32.454943
오후 3:38:50.257 	42.688478	33.253580	9.379316	6.242864	4.387957	35.392048	37.850071	9.938892	7.017793	4.875724	77.663495	88.467950	76.092039	21.711108	44.627869	33.661023
오후 3:38:51.369 	38.630344	34.726060	9.738492	6.827755	5.132011	34.116113	36.421456	10.269671	7.859681	5.892159	77.732794	88.797986	76.940182	21.933594	44.915436	33.150970
오후 3:38:51.758 	41.152912	35.494300	7.626739	6.119441	5.480613	33.322299	36.882775	10.469843	8.152242	5.902413	77.816806	88.964775	77.048645	22.425434	42.772897	34.801669
오후 3:38:52.222 	42.113091	34.546295	7.543045	6.084389	5.444713	36.671470	36.795386	7.949465	7.284684	6.534234	77.916808	88.689554	77.023217	21.894630	40.945790	37.159581
오후 3:38:52.742 	42.247720	34.571052	7.481213	6.023381	5.378435	36.766806	36.862061	7.943504	7.250758	6.422720	77.912301	87.750070	71.350840	21.682544	40.826547	37.490909
오후 3:38:53.140 	42.366098	34.630874	7.452928	5.961669	5.276747	36.865324	36.929974	7.939711	7.180963	6.330164	77.870722	87.132144	70.069023	21.830392	40.105740	38.063868
오후 3:38:54.036 	42.292424	34.869252	7.452602	5.862401	5.189727	36.873745	37.157198	7.922755	7.066089	6.192228	78.204596	89.005779	79.575084	21.603917	39.862908	38.533175
오후 3:38:55.064 	42.340964	35.271257	7.400457	5.759390	5.034928	37.015837	37.497789	7.895697	6.920826	6.028480	78.372678	88.433812	80.105801	22.683760	40.016182	37.300058
오후 3:38:56.178 	42.600822	35.208644	7.436546	5.684851	4.939001	37.332962	37.393850	7.889767	6.877375	5.900902	78.325282	87.573395	84.785124	22.674974	39.649578	37.675448
오후 3:38:57.047 	42.262250	35.499083	7.622480	5.658346	4.819411	37.018230	37.716768	8.125766	6.810394	5.794395	78.267516	88.268862	84.914604	22.483326	41.964195	35.552479
오후 3:38:58.084 	42.853232	34.482095	7.750145	5.626951	4.886320	37.338424	36.820754	8.238825	6.808215	5.948109	78.220316	88.934123	84.914604	22.483261	41.949516	35.567223
오후 3:38:59.055 	42.936783	34.609354	7.736693	5.498637	4.857580	37.395928	36.946972	8.235604	6.742906	5.869084	78.194119	89.323301	84.741920	22.722671	42.251963	35.025366
오후 3:39:00.078 	43.207659	34.610970	7.698356	5.335007	4.724247	37.598328	36.959309	8.211141	6.609876	5.759007	78.154681	91.518102	85.403168	22.944829	42.209108	34.846063
오후 3:39:01.136 	43.723757	34.585090	7.643934	5.173611	4.607905	38.030214	36.972653	8.199621	6.471209	5.594040	78.027635	93.460749	85.310162	23.111743	41.996324	34.891933
오후 3:39:02.081 	43.586208	34.951788	7.602268	5.120763	4.593895	38.257449	37.120952	8.115615	6.446338	5.578561	78.032920	93.388679	85.270271	23.449224	39.807853	36.742924
오후 3:39:03.126 	44.275546	33.628342	7.768348	5.305899	4.730720	38.926795	35.558206	8.311098	6.701416	5.750152	77.901001	94.948468	82.166876	23.068558	39.146205	37.785237
오후 3:39:04.084 	44.177325	34.028979	7.730443	5.227841	4.671357	38.933876	35.812974	8.143824	6.661608	5.818568	77.699681	97.670229	87.547653	23.871459	39.051979	37.076562
오후 3:39:05.143 	44.432451	33.851159	7.646439	5.190524	4.593690	39.017096	35.867379	8.082917	6.600658	5.729444	77.843098	97.531931	81.665954	23.693955	38.982219	37.323826
오후 3:39:06.126 	44.378121	34.118211	7.635718	5.100275	4.542675	39.053470	36.118091	8.072496	6.469567	5.642425	77.434967	96.397376	82.613612	23.894664	39.316796	36.788540
오후 3:39:07.171 	44.220618	33.922958	7.439574	5.233497	4.473367	39.229793	35.516358	7.883228	6.542874	5.681354	77.448896	97.563329	82.404971	24.013664	39.324350	36.661985
오후 3:39:08.096 	45.386137	33.996404	6.916334	4.803499	4.250376	40.308062	35.902630	7.174381	6.142278	5.408412	77.457368	103.791681	86.658904	23.542736	41.554587	34.902677
오후 3:39:09.119 	46.428445	33.443660	6.625693	4.626984	4.088452	41.347178	35.249373	6.837638	6.024662	5.299333	76.866618	99.903149	82.173150	23.432842	42.144439	34.422718
오후 3:39:10.114 	44.051033	34.393132	8.142984	4.865145	3.902838	39.402307	35.731484	8.485904	6.178738	5.195659	76.520802	101.138260	82.516503	23.561314	41.809722	34.628964
오후 3:39:11.176 	46.783927	32.196826	6.817955	4.841866	4.372207	42.152761	32.229579	7.331129	6.749833	6.000773	76.192519	101.116808	82.472162	30.016151	39.088119	30.895731
오후 3:39:12.205 	46.196187	32.571898	7.082153	4.726355	4.235889	42.214171	32.281026	7.504739	6.590341	5.803461	75.726346	98.739679	83.455314	32.759002	36.898165	30.342833
오후 3:39:13.133 	50.844973	30.097685	6.481303	4.338724	3.832163	47.496681	29.440240	6.770149	6.097018	5.387256	75.486738	97.044764	83.485782	31.787611	38.803745	29.408644
오후 3:39:14.132 	50.640914	30.289297	6.619809	4.325504	3.702035	47.476672	29.533387	6.858989	6.095389	5.256955	75.072309	93.209842	83.712668	31.480489	38.969776	29.549734
오후 3:39:15.120 	50.544432	30.512850	6.590361	4.276567	3.670984	47.229481	29.849767	6.898808	6.072432	5.230272	74.896800	91.089439	83.692413	31.199938	36.555102	32.244959
오후 3:39:16.180 	49.887571	30.454902	6.939028	4.510082	3.874977	45.779123	30.106431	7.423968	6.386746	5.531451	74.598314	88.505369	84.360022	30.117015	38.260817	31.622168
오후 3:39:17.173 	49.650662	30.656482	7.013426	4.533940	3.899164	45.496697	30.506004	7.454064	6.366530	5.499913	74.573025	86.754747	84.003298	30.808640	38.430407	30.760953
오후 3:39:18.158 	47.069181	32.147441	7.404280	4.728277	4.044313	42.530157	32.696369	7.719559	6.490695	5.527994	74.707176	94.173441	89.774137	32.383070	36.898346	30.718584
오후 3:39:19.178 	44.107844	33.657563	8.486557	5.443989	3.788186	41.903513	32.973386	8.481872	6.715990	5.442134	74.083601	84.268259	84.786932	33.148173	36.765273	30.086555
오후 3:39:20.150 	47.723279	32.097714	7.497794	4.662039	3.944264	44.619399	31.199042	7.901102	6.450704	5.337714	73.771224	81.977862	85.511576	34.842237	35.016737	30.141026
오후 3:39:21.214 	45.787676	33.277283	7.952897	4.953888	4.115507	43.504602	31.738608	8.203083	6.685439	5.471692	73.787030	80.967225	85.124647	35.572596	33.456893	30.970511
오후 3:39:22.155 	46.585364	32.741000	7.816752	4.758548	4.109280	43.729551	31.770010	8.008460	6.572288	5.528592	73.577115	79.788279	85.660572	36.931705	31.731694	31.336601
오후 3:39:23.146 	46.813610	33.253965	7.514408	4.558101	3.924739	44.111694	32.163825	7.790649	6.297958	5.348565	73.552303	79.592758	85.641485	39.565602	29.151191	31.283207
오후 3:39:24.147 	47.021099	32.165930	8.113703	4.820256	4.145310	45.018900	30.614026	8.154521	6.406633	5.561591	73.624925	79.367966	85.234400	42.498680	25.504430	31.996890
오후 3:39:25.152 	46.660753	31.912120	8.257802	5.027560	4.160331	44.315748	30.877686	8.279589	6.570982	5.616729	73.334678	77.263071	85.844867	44.727945	26.017435	29.254620
오후 3:39:26.229 	47.394634	31.864008	7.919546	4.925079	4.142462	45.284948	29.932813	8.159140	6.659384	5.675930	73.157577	76.579116	86.124998	44.859968	26.092243	29.047789
오후 3:39:27.185 	48.198039	32.276885	7.671457	4.468780	3.837912	46.246413	30.444450	7.906917	6.147091	5.204685	72.976445	76.080558	86.131326	45.536962	27.042560	27.420477
오후 3:39:28.216 	49.311351	31.092532	7.659331	4.610837	3.847997	46.597823	29.727311	7.923229	6.372089	5.320105	72.692854	75.947199	86.744298	43.942959	30.306666	25.750375
오후 3:39:29.163 	49.238258	30.954206	7.758475	4.859672	4.018175	46.179951	29.901468	8.016285	6.688829	5.547369	72.462596	76.065388	86.069922	40.571640	34.060578	25.367782
오후 3:39:30.170 	49.293909	31.141241	7.747015	4.748575	3.860789	46.435467	30.067828	7.939900	6.474159	5.456285	72.326113	77.263054	85.997951	42.130622	34.538635	23.330743
오후 3:39:31.248 	47.813042	32.779892	8.114447	4.654787	3.509825	45.107268	31.831833	8.356757	6.346651	4.854562	72.156231	78.739436	85.968374	40.405300	33.809491	25.785208
오후 3:39:32.184 	47.766559	31.614711	8.561748	4.977076	3.617078	45.683222	29.878397	8.821547	6.685279	4.974675	72.292073	79.729675	89.081170	41.064074	32.982164	25.953762
오후 3:39:33.208 	48.922734	31.671007	8.110342	4.669963	3.478026	46.771896	30.025281	8.429931	6.350782	4.771309	72.136867	80.726395	92.510488	41.017835	31.421388	27.560777
오후 3:39:34.201 	48.975909	31.848112	8.188608	4.531296	3.317925	47.048737	30.296520	8.491116	6.012795	4.540279	71.938980	81.317098	92.492558	42.061900	30.397358	27.540742
오후 3:39:35.201 	49.240984	32.215614	7.937838	4.325477	3.064929	47.671650	30.725143	8.208004	5.614068	4.187914	71.693161	83.689702	93.130420	43.823141	29.465363	26.711496
오후 3:39:36.240 	49.438716	32.115541	7.987382	4.280870	3.032127	47.643310	30.932361	8.259220	5.525641	4.079073	71.480407	85.028026	93.106323	44.359193	29.325110	26.315697
오후 3:39:37.200 	49.642956	31.982118	7.979956	4.210564	2.973116	47.824720	30.954311	8.293361	5.413943	3.909820	71.307273	86.240689	93.091861	46.051239	29.573651	24.375110
오후 3:39:38.218 	49.488691	32.036932	8.099659	4.115608	2.969189	48.003423	31.013960	8.226058	5.285540	3.853580	71.134976	87.757300	92.937464	47.268543	29.256729	23.474728
오후 3:39:39.212 	49.204956	32.745746	7.819452	3.945121	2.833236	47.415013	32.251609	8.020895	5.136432	3.676321	70.935011	88.481165	92.961605	47.940929	28.600348	23.458723
오후 3:39:40.226 	50.197834	32.011159	7.541836	3.903432	2.853811	48.596210	31.376178	7.905485	5.005637	3.647821	70.673253	89.513890	93.432444	50.008564	27.078637	22.912799
오후 3:39:41.259 	50.384460	31.958155	7.532686	3.869451	2.801422	48.745396	31.362497	7.901634	4.921395	3.593019	70.525321	90.684084	93.432444	52.255989	25.163420	22.580592
오후 3:39:42.230 	50.233246	32.603432	7.495099	3.801677	2.690438	48.681785	32.393295	7.703896	4.687255	3.338322	70.482489	90.856597	93.821636	52.340803	25.098925	22.560272
오후 3:39:43.237 	52.595276	29.813869	7.731577	4.110788	2.992483	50.965878	29.723955	7.866278	4.943467	3.519587	70.382749	91.455713	93.938079	53.551384	24.855815	21.592801
오후 3:39:44.224 	52.696689	29.843504	7.715116	4.042116	2.914251	51.333461	29.669533	7.786439	4.811503	3.367413	70.283292	92.138755	93.912619	53.764219	25.051985	21.183796
오후 3:39:45.244 	53.148360	29.930032	7.591499	3.869362	2.676508	51.701704	29.706520	7.764517	4.573427	3.230167	70.295082	92.826529	94.843489	53.886278	24.636654	21.477068
오후 3:39:46.276 	53.344195	30.042892	7.602874	3.725328	2.523526	51.921606	29.731756	7.758595	4.480787	3.100167	70.261487	93.051859	94.898320	53.370761	25.113044	21.516195
오후 3:39:47.265 	52.233326	31.042940	7.583135	3.706852	2.507774	50.148253	31.207823	7.832716	4.555850	2.997035	70.141767	94.022087	94.483253	53.885716	27.058520	19.055765
오후 3:39:48.231 	53.552950	30.239991	7.497809	3.490689	2.240318	51.794801	30.343057	7.686011	4.306243	2.591797	69.927295	94.373205	94.212480	52.516068	28.865848	18.618084
오후 3:39:49.273 	53.514117	30.297952	7.477438	3.486248	2.236301	51.818907	30.472580	7.650423	4.239955	2.529185	69.502262	94.096743	93.594398	49.557113	27.678183	22.764705
오후 3:39:50.243 	53.489586	30.358884	7.455788	3.487480	2.227803	51.836333	30.568838	7.633609	4.200971	2.479125	69.226423	94.086071	94.270130	47.780910	28.808378	23.410713
오후 3:39:51.327 	53.523641	30.418445	7.328668	3.464851	2.214367	51.917706	30.610975	7.501015	4.183080	2.441636	69.082366	94.571430	91.773576	45.729518	31.961380	22.309102
오후 3:39:52.303 	53.599202	30.429021	7.307174	3.432583	2.198771	51.987136	30.667901	7.477876	4.131846	2.415324	68.713360	91.602940	88.457635	43.585379	34.778949	21.635671
오후 3:39:53.276 	53.665550	30.496443	7.269968	3.401224	2.152934	52.017604	30.736089	7.448844	4.128753	2.373927	68.321876	85.471609	76.999099	40.797245	37.211972	21.990783
오후 3:39:54.292 	52.946863	29.751125	7.807142	3.697683	2.280726	51.355629	29.863186	8.042856	4.419200	2.455152	68.211546	85.800560	77.149864	38.460890	37.734814	23.804296
오후 3:39:55.273 	54.619517	29.239563	7.392329	3.438595	2.159017	53.055101	29.470409	7.508449	4.172313	2.387831	68.037584	86.888479	77.187889	32.872823	37.993061	29.134116
오후 3:39:56.342 	54.731004	29.578981	7.225034	3.347078	2.106298	53.305425	29.799300	7.352046	3.987512	2.285359	67.950935	87.532810	77.238054	26.508235	41.657441	31.834324
오후 3:39:57.278 	54.961684	29.401699	7.162731	3.377025	2.111008	53.510249	29.798741	7.270646	3.960883	2.249526	67.855422	88.501513	77.292743	22.666366	49.420419	27.913215
오후 3:39:58.284 	55.069095	29.476711	7.059327	3.337445	2.054728	53.648184	29.909200	7.140109	3.883923	2.199940	67.714916	90.284463	77.292743	16.037038	56.551076	27.411885
오후 3:39:59.272 	55.185282	29.556841	7.039105	3.294623	1.986217	53.829621	29.879957	7.118089	3.874341	2.144506	68.087850	95.307025	91.998360	13.079183	58.177895	28.742922
오후 3:40:00.289 	50.832386	30.289416	8.881023	4.140456	2.187719	50.370509	30.460031	8.523650	4.496202	2.309933	68.492669	100.358784	91.691646	10.333808	57.318848	32.347344
오후 3:40:01.370 	54.519611	29.802178	7.193640	3.389033	2.050080	53.409892	29.989380	7.221203	3.964584	2.186010	68.404858	100.983422	101.647985	6.247206	63.299310	30.453485
오후 3:40:02.291 	54.686224	29.686740	7.191589	3.375881	2.019048	53.597345	29.910785	7.207607	3.925573	2.172410	68.377175	101.212035	101.592544	4.565005	64.248178	31.186818
오후 3:40:03.307 	54.795562	29.621607	7.152115	3.348438	2.014563	53.665330	29.910285	7.187755	3.901991	2.161251	68.038708	95.533648	83.222952	3.485737	64.141056	32.373207
오후 3:40:04.285 	54.984013	29.547201	7.050809	3.354373	2.022395	53.799253	29.903568	7.140111	3.830636	2.146702	67.886041	97.206672	83.600253	3.334149	59.683380	36.982471
오후 3:40:05.352 	55.200724	29.492486	6.989980	3.328959	2.002691	53.927487	29.881891	7.124715	3.823273	2.123121	67.747846	98.921269	83.600253	5.902202	54.541127	39.556671
오후 3:40:06.350 	55.628594	29.067459	7.007766	3.322415	1.990269	54.262311	29.555750	7.149323	3.795354	2.113890	67.711089	99.194984	83.890641	8.051230	53.488451	38.460319
오후 3:40:07.322 	56.363088	28.084642	7.202671	3.469506	2.070904	54.788184	28.816039	7.337074	3.930131	2.110616	67.587327	99.806113	83.835203	11.164011	51.476680	37.359309
오후 3:40:08.328 	56.398312	28.121426	7.223502	3.417049	2.028740	54.880065	28.902453	7.323432	3.837595	2.047505	67.477697	100.693892	83.857951	17.174852	45.717803	37.107345
오후 3:40:09.329 	56.521160	28.117149	7.163590	3.385608	2.015438	54.986801	28.961899	7.286194	3.801030	1.993604	67.423015	101.042115	83.971599	21.117759	44.521648	34.360592
오후 3:40:10.356 	55.649528	29.175713	7.032235	3.422682	2.014217	54.079891	30.122501	7.053331	3.752916	1.937226	67.345700	101.584348	83.533206	23.541859	43.449956	33.008185
오후 3:40:11.377 	55.218466	29.472400	7.272466	3.419742	1.849168	53.768098	30.623142	7.331359	3.528379	1.753272	67.159962	102.266013	83.548903	24.856385	41.200147	33.943468
오후 3:40:12.361 	49.575531	32.769424	8.389887	4.133558	2.071882	48.419778	33.804550	8.438389	4.145486	1.897518	66.978265	102.225815	84.824080	26.013917	40.668040	33.318043
오후 3:40:13.327 	44.677525	35.596868	8.942288	4.700277	2.479658	43.596234	36.403195	9.062803	4.678315	2.380258	67.110304	105.379437	91.218465	27.414764	39.952486	32.632750
오후 3:40:14.329 	40.552371	37.561345	9.575860	5.243056	2.977350	39.817387	38.437261	9.249777	5.227456	2.933186	67.268562	109.275286	91.113857	29.877624	38.342349	31.780027
오후 3:40:15.330 	46.237823	35.912954	7.298568	3.885651	2.403669	44.742512	37.118772	7.387125	4.030024	2.458941	66.960016	106.146588	94.285836	30.228674	38.284626	31.486700
오후 3:40:16.390 	47.970144	34.873717	6.893823	3.848949	2.380735	47.273479	35.216141	6.655677	4.154105	2.608749	66.882569	105.132287	94.100700	31.448112	38.646305	29.905583
오후 3:40:17.360 	47.925214	34.633156	7.033755	4.016922	2.503923	47.283701	34.392600	7.111268	4.527049	2.875334	66.773536	104.586599	94.510341	35.468262	31.811691	32.720046
오후 3:40:18.360 	43.754290	34.977872	8.345850	4.795752	3.008296	43.115063	33.953827	8.522084	5.674779	3.646258	66.937219	107.119532	97.576853	34.552041	28.799592	36.648367
오후 3:40:19.375 	46.086975	34.597396	7.281911	4.554839	2.994000	45.612045	33.424577	7.235537	5.642741	3.630997	66.635450	105.449784	101.229973	35.225565	27.359142	37.415293
오후 3:40:20.376 	45.938891	34.577560	7.221899	4.569590	3.149221	45.386979	33.447577	7.153147	5.643381	3.862186	66.769001	108.180279	105.824100	41.424838	30.828968	27.746194
오후 3:40:21.431 	45.877591	34.551928	7.304851	4.562576	3.181444	45.262434	33.341096	7.207408	5.747576	3.955381	66.621687	107.865487	106.672953	39.886205	32.531785	27.582011
오후 3:40:22.401 	46.408470	33.182768	7.838044	5.161639	3.355036	45.818769	31.775756	7.949047	6.213495	4.112847	66.266787	104.997231	112.249755	37.392913	35.838578	26.768509
오후 3:40:23.362 	45.841214	33.883588	7.292035	5.029503	3.593305	44.782804	32.408885	7.358481	6.552722	4.483635	66.388584	107.090424	115.277615	35.409526	37.584744	27.005730
오후 3:40:24.412 	45.916967	33.866760	7.200035	5.062533	3.700801	44.857088	32.194204	7.251693	6.700883	4.639171	66.293074	106.362502	118.461655	34.737382	38.349866	26.912752
오후 3:40:25.392 	45.771029	33.914726	7.225138	5.066675	3.763912	44.625024	32.129729	7.312877	6.760347	4.808535	66.220489	106.257849	118.556146	33.678954	39.978030	26.343016
오후 3:40:26.442 	48.526686	33.629778	6.211452	4.366462	3.231798	47.608250	31.926661	6.322279	5.858786	4.226177	66.124149	107.150860	119.472682	32.463495	40.033882	27.502623
오후 3:40:27.441 	48.440800	33.548414	6.174901	4.453943	3.323263	47.353896	31.797300	6.354749	6.008258	4.403056	66.114968	107.172772	119.463259	30.667700	41.190633	28.141666
오후 3:40:28.403 	48.307684	33.504376	6.182168	4.531720	3.416832	47.093786	31.725403	6.347395	6.167228	4.584153	66.474941	112.448739	125.197957	27.582141	43.627205	28.790654
오후 3:40:29.397 	47.796034	35.100545	5.814178	4.154092	3.252365	46.829844	33.581634	5.927726	5.599773	4.210974	66.419305	112.764321	132.379545	23.739603	47.062651	29.197746
오후 3:40:30.433 	46.247432	37.043239	5.601981	3.933504	3.114474	45.280023	36.198159	5.493084	5.153540	3.848552	66.773244	118.139846	137.405877	21.237447	44.151577	34.610976
오후 3:40:31.485 	44.989831	36.826698	6.122896	4.093152	3.349745	49.786959	33.173532	4.637484	4.295183	3.444674	66.553917	116.040185	139.585002	21.063283	43.954414	34.982303
오후 3:40:32.482 	48.611099	33.149404	5.998816	4.416763	4.099131	52.944314	29.703839	4.522895	4.539991	4.398014	66.670400	116.206522	139.874120	23.065198	45.188870	31.745932
오후 3:40:33.505 	50.445725	32.077632	5.730464	4.366207	3.921225	54.337563	28.907145	4.325383	4.565116	4.321340	66.745164	116.180966	139.780200	19.002185	46.896854	34.100961
오후 3:40:34.413 	47.878886	34.214500	5.697217	4.544152	4.205130	53.704097	30.024113	3.948438	4.512437	4.857879	67.027776	115.770172	139.103800	18.805769	52.028133	29.166098
오후 3:40:35.423 	46.264566	34.466340	6.030466	4.758934	4.578489	52.804823	29.611592	4.213990	4.820343	5.365696	67.260721	116.381007	139.101147	17.637376	51.950497	30.412127
오후 3:40:36.438 	45.953358	34.308287	6.222389	4.937963	4.716746	52.471521	29.424597	4.373998	5.031946	5.569931	67.500000	117.182833	139.094954	15.699280	56.912679	27.388041
오후 3:40:37.411 	45.656464	34.449631	6.286361	4.921675	4.719091	52.053795	29.700829	4.412404	5.007293	5.597570	67.950508	118.499660	138.106793	13.456400	57.312847	29.230753
오후 3:40:38.436 	45.090551	34.703110	6.193029	4.893380	5.050135	50.962119	30.185464	4.453540	4.984297	6.050756	68.238234	119.995134	138.107670	11.658638	58.880466	29.460896
오후 3:40:39.460 	45.410623	33.726699	6.541604	5.117031	5.327894	51.308210	29.380349	4.595021	5.182972	6.324367	68.722467	122.074459	137.080124	10.099783	64.531374	25.368843
오후 3:40:40.446 	45.183458	33.663239	6.597722	5.220422	5.377583	51.075418	29.326036	4.675055	5.277913	6.358515	69.026549	122.948225	136.819857	8.744791	67.294080	23.961129
오후 3:40:41.459 	45.207789	33.609823	6.587651	5.251616	5.401313	51.071686	29.244296	4.655706	5.301547	6.439184	69.246775	124.293989	136.732700	7.733700	67.823154	24.443146
오후 3:40:42.448 	45.851111	33.392085	6.419291	5.069740	5.129008	51.403175	29.157366	4.613400	5.162322	6.222724	69.774268	125.817254	136.549491	7.715759	68.201019	24.083222
오후 3:40:43.460 	45.608842	33.619836	6.367478	5.054591	5.146585	51.252794	29.248309	4.567510	5.190517	6.244073	69.871929	125.968177	136.702182	7.206844	70.143438	22.649718
오후 3:40:44.504 	45.769682	33.536440	6.286518	5.066718	5.181127	51.329282	29.162915	4.515259	5.223977	6.316963	69.950256	125.747150	136.723981	6.992753	70.271848	22.735400
오후 3:40:45.440 	45.750131	33.510638	6.276729	5.096262	5.202573	51.316242	29.142781	4.492959	5.260352	6.353220	70.068075	125.035266	136.734444	4.896762	70.817679	24.285559
오후 3:40:46.506 	46.656160	33.795619	5.920484	4.612671	4.702193	51.591458	29.639968	4.389892	4.903760	5.908732	70.250493	124.500097	136.922630	2.393110	55.391852	42.215039
오후 3:40:47.486 	45.785963	33.651142	6.110331	4.839827	4.885038	51.070132	29.371715	4.514891	5.089895	6.101179	70.316987	123.085033	135.907621	2.438585	55.157496	42.403919
오후 3:40:48.477 	45.794570	33.722657	6.036007	4.851953	4.905753	51.071337	29.373617	4.466389	5.100429	6.152664	70.453819	121.916776	135.739107	2.367556	55.354354	42.278090
오후 3:40:49.494 	45.855041	33.649347	5.976346	4.901700	4.913185	51.145322	29.296664	4.402298	5.146097	6.167442	70.542064	121.461157	135.739107	2.159242	54.516135	43.324623
오후 3:40:50.482 	45.856607	33.651245	5.965248	4.927016	4.922602	51.117320	29.277618	4.390250	5.196202	6.194285	70.981655	124.446413	139.553375	2.195275	54.656743	43.147982
오후 3:40:51.548 	46.668821	33.626355	5.578486	4.550346	4.536688	51.262435	29.643147	4.178486	4.934590	5.818970	71.026414	123.984211	145.160080	2.648082	56.912372	40.439546
오후 3:40:52.464 	46.879058	33.481877	5.557706	4.561573	4.551969	51.409327	29.473974	4.185712	4.942731	5.877103	71.376470	126.441916	149.799232	3.172568	59.104018	37.723414
오후 3:40:53.491 	46.833208	33.505573	5.548225	4.581304	4.584484	51.300122	29.467362	4.172640	4.975637	5.955991	71.811291	128.900111	149.694984	3.101412	59.018183	37.880405
오후 3:40:54.555 	46.841423	33.465096	5.536424	4.631487	4.608020	51.266481	29.439063	4.172319	5.008946	5.992765	71.913173	127.756523	154.473829	4.054105	57.895139	38.050756
오후 3:40:55.479 	47.787672	34.228529	5.289102	4.346480	4.344496	51.925801	30.124308	4.015428	4.769893	5.699211	72.040932	126.737317	154.555870	6.579601	55.698020	37.722379
오후 3:40:56.553 	47.896032	34.071811	5.273164	4.379573	4.355268	51.971575	29.993264	4.025202	4.817649	5.720353	72.174284	125.382357	154.498902	7.618365	55.705304	36.676331
오후 3:40:57.547 	47.872491	34.069440	5.275525	4.413296	4.370062	51.919774	29.961937	4.043204	4.838816	5.754889	72.611303	124.924753	149.302516	7.925201	55.583865	36.490933
오후 3:40:58.550 	47.872524	34.026999	5.253123	4.438928	4.386893	51.912808	29.919535	4.026828	4.871314	5.777468	72.289969	122.629252	152.526509	8.121679	55.481923	36.396398
오후 3:40:59.510 	47.742452	34.634516	5.089881	4.233842	4.168205	51.302763	30.820778	3.981796	4.716665	5.544849	71.911117	119.979485	146.166400	8.679467	54.881695	36.438837
오후 3:41:00.524 	48.572310	34.022757	5.078333	4.219009	4.153140	52.004282	30.227417	3.962511	4.707965	5.521846	71.991605	119.158964	146.153746	9.272197	53.722500	37.005303
오후 3:41:01.550 	48.564045	34.008014	5.056955	4.247171	4.175379	52.018869	30.177923	3.958110	4.728773	5.540094	72.137950	118.234968	146.378987	9.668179	52.511619	37.820202
오후 3:41:02.501 	48.558630	34.034109	5.049966	4.258650	4.189798	52.006131	30.199592	3.957768	4.747385	5.547493	72.249368	117.274391	146.214635	10.298159	49.574050	40.127791
오후 3:41:03.531 	48.448930	34.757625	4.994185	3.998893	3.938958	51.686662	31.008498	3.976579	4.529733	5.279477	72.412646	114.138526	145.312281	11.611153	44.275871	44.112976
오후 3:41:04.519 	48.783495	34.470529	4.965802	4.001249	3.940639	52.030413	30.729132	3.950535	4.533179	5.271978	72.608968	111.487695	145.111532	11.810169	43.866761	44.323070
오후 3:41:05.529 	48.775792	34.453539	4.973353	4.041223	3.949718	52.027086	30.718187	3.954607	4.562813	5.287269	72.710059	110.519183	145.092697	11.794402	43.908481	44.297117
오후 3:41:06.563 	48.611917	34.544024	4.992904	4.044165	3.958972	51.830349	30.812390	4.016396	4.565241	5.296150	72.902911	108.939484	145.205667	11.942544	43.525647	44.531808
오후 3:41:07.558 	48.574143	34.756099	4.932065	3.894873	3.811443	51.677106	31.105293	3.974011	4.448043	5.141181	73.055886	107.071490	145.274661	12.321478	43.771221	43.907301
오후 3:41:08.572 	49.677831	34.058243	4.806069	3.850448	3.775696	52.519393	30.606500	3.896214	4.397672	5.093587	73.183857	105.818049	145.274661	14.160257	46.342874	39.496869
오후 3:41:09.535 	49.625581	34.005081	4.846809	3.885183	3.804436	52.461133	30.598038	3.931813	4.417007	5.116750	73.340253	103.400624	144.380573	14.741032	46.823731	38.435237
오후 3:41:10.554 	50.342086	33.411225	4.849293	3.841167	3.764537	52.890648	30.231672	3.949130	4.397630	5.091213	73.487727	101.349051	143.932272	14.524634	44.818361	40.657005
오후 3:41:11.610 	49.882877	33.942417	4.783628	3.789220	3.715924	52.144113	31.018255	3.890369	4.353156	5.030056	73.757503	100.843228	141.292273	14.831320	46.367096	38.801583
오후 3:41:12.602 	49.330788	34.472772	4.705521	3.716827	3.632525	51.526758	31.638750	3.845767	4.255041	4.936687	73.456643	98.500640	141.497636	15.866642	44.902217	39.231141
오후 3:41:13.545 	49.492294	33.984936	4.860994	3.904902	3.600310	51.766938	31.439363	3.840867	4.430007	4.896650	73.204373	95.747296	139.865831	18.731958	40.902245	40.365797
오후 3:41:14.569 	47.864055	33.971016	4.825031	4.414393	5.204362	51.698439	30.059853	3.768871	5.310930	5.793760	73.401205	96.045195	139.104061	21.810027	39.286008	38.903966
오후 3:41:15.572 	44.085756	33.387974	5.685946	5.301799	7.232629	46.512417	31.104080	4.192243	5.902824	8.373403	73.513214	96.460706	138.793993	24.468030	39.097078	36.434891
오후 3:41:16.622 	45.990190	32.203320	5.404661	5.053593	6.946870	46.379182	31.375836	4.172566	5.854214	8.321384	73.733129	96.273512	136.676070	28.273366	39.090251	32.636383
오후 3:41:17.653 	45.933210	32.682771	5.299273	4.993830	6.875155	46.306226	31.319076	4.228039	5.866661	8.401667	73.907066	96.925416	133.736727	30.898633	36.991507	32.109859
오후 3:41:18.591 	45.762913	32.767268	5.418286	4.979132	6.834221	46.344648	31.310213	4.367277	5.804269	8.317927	74.218265	97.880033	133.744168	32.964464	34.790999	32.244536
오후 3:41:19.596 	45.856215	32.617323	5.453418	4.988125	6.925428	46.393666	31.065855	4.400340	5.933987	8.394527	74.346563	96.287739	126.341764	35.318564	34.726521	29.954915
오후 3:41:20.578 	45.731365	32.569999	5.501136	5.075668	6.983045	46.166848	31.029841	4.556923	6.025763	8.477227	74.449522	95.709867	126.590943	36.869184	34.309068	28.821747
오후 3:41:21.649 	45.649509	32.471539	5.483194	5.125018	7.135334	46.125121	30.809266	4.527967	6.104487	8.693980	74.454678	95.653952	123.692851	36.946546	34.259587	28.793868
오후 3:41:22.677 	45.555244	32.436954	5.471709	5.201708	7.202359	46.041980	30.784070	4.516806	6.136553	8.776780	74.233637	94.140150	121.017939	37.967672	33.311927	28.720401
오후 3:41:23.603 	45.807016	32.359950	5.362036	5.055695	6.994251	45.992582	30.994425	4.432599	6.005330	8.577953	74.233637	94.140150	121.105620	38.092366	32.620576	29.287058
오후 3:41:24.633 	45.772923	32.347730	5.358324	5.089988	7.006443	45.933941	30.963146	4.439224	6.077374	8.606847	74.238763	94.070609	121.156738	38.003272	33.165707	28.831021
오후 3:41:25.581 	44.506894	32.606851	6.048501	5.256248	6.973189	44.699128	31.196741	5.053119	6.284697	8.544242	74.167573	93.578142	120.623005	32.369865	29.860953	37.769183
오후 3:41:26.665 	45.563820	32.791033	5.429126	5.134607	7.084701	46.066074	31.097858	4.480485	6.171202	8.640742	74.212998	93.021659	115.474836	25.749677	31.751494	42.498828
오후 3:41:27.749 	45.733810	32.637781	5.404555	5.144515	7.078105	46.221537	30.957806	4.459632	6.172371	8.633406	73.831156	91.855478	108.369904	25.687496	32.017644	42.294860
오후 3:41:28.726 	45.620957	32.664288	5.411282	5.170690	7.132732	46.143435	30.995164	4.472347	6.173941	8.673971	73.881173	90.996475	100.086937	25.430713	33.384097	41.185190
오후 3:41:29.732 	46.096846	31.959788	5.495008	5.322755	7.211078	46.637597	30.157553	4.604931	6.322046	8.815176	73.552303	88.533699	94.300606	20.272298	34.406956	45.320746
오후 3:41:30.746 	46.727191	32.344818	5.635983	5.123141	6.970822	48.964697	28.910086	4.560876	6.139187	8.529389	73.502730	89.247272	94.260145	20.249787	34.423598	45.326615
오후 3:41:31.775 	45.286082	33.570752	5.137080	5.354696	7.290482	42.195865	32.932773	4.800440	7.025010	9.809403	73.407524	91.458531	94.894136	20.262398	34.400687	45.336915
오후 3:41:32.747 	44.837287	33.706643	5.267947	5.335481	7.220378	42.089521	32.999601	4.889140	7.078545	9.671464	73.337426	92.121546	94.444467	20.486679	34.482903	45.030418
오후 3:41:33.754 	44.896208	33.568480	5.381805	5.093511	6.899471	42.848896	32.837825	5.034892	6.713171	9.127829	73.462695	93.477731	98.841315	21.046933	34.688949	44.264118
오후 3:41:34.786 	40.092648	32.549117	9.092583	6.436912	6.116826	38.662719	32.768022	7.522745	7.509649	8.640197	73.613583	95.296178	98.871515	21.132553	34.663784	44.203663
오후 3:41:35.755 	45.360430	33.259025	5.541994	5.114549	6.710138	41.964502	33.270445	5.162342	6.833286	8.983519	73.656265	96.935714	99.456071	21.592317	34.842155	43.565528
오후 3:41:36.770 	46.723018	32.670356	4.983216	4.911687	6.677175	42.772079	32.944210	4.944523	6.657348	8.889740	73.406289	96.891319	103.180167	17.541605	34.318156	48.140240
오후 3:41:37.811 	46.786532	32.696757	4.969142	4.934884	6.739276	42.900347	32.884369	4.850821	6.714414	8.965084	73.421545	97.083753	106.173816	17.031001	35.236227	47.732772
오후 3:41:38.819 	46.818966	32.849862	4.969531	5.020301	6.603400	43.139438	32.891224	4.877925	6.848176	8.713292	73.223711	100.686321	119.906605	17.097184	34.837665	48.065151
오후 3:41:39.801 	47.197474	32.759598	4.669671	4.798423	6.438847	43.512074	32.849883	4.594172	6.564383	8.537735	73.304745	101.879234	120.064635	17.061035	34.869031	48.069934
오후 3:41:40.832 	47.160862	32.917780	4.612818	4.779266	6.440224	43.521107	33.004272	4.527419	6.544335	8.551900	73.173602	101.899947	120.956380	17.396825	34.501393	48.101782
오후 3:41:41.859 	47.057279	32.800105	4.620511	4.807612	6.468305	43.447261	32.997632	4.491189	6.554002	8.528125	73.513214	112.032136	136.547128	17.419483	34.071823	48.508694
오후 3:41:42.842 	46.600514	32.782881	4.763311	5.101446	6.821362	42.949447	32.799531	4.670729	6.942929	8.977921	72.938547	105.515673	136.753727	17.561865	33.728935	48.709200
오후 3:41:43.811 	45.974947	33.580578	4.764474	5.017643	6.698295	42.476394	33.609777	4.671551	6.805895	8.854357	72.826663	106.425823	136.807840	18.401609	33.845272	47.753119
오후 3:41:44.790 	47.062118	32.715319	4.691057	4.952466	6.581573	43.629459	32.791326	4.613371	6.711269	8.713862	72.846980	106.339184	137.023248	19.933718	33.269301	46.796981
오후 3:41:45.892 	47.016831	32.726638	4.677843	4.940174	6.635529	43.651951	32.763353	4.596472	6.700745	8.755580	72.863212	107.053191	137.916661	20.729092	32.391083	46.879825
오후 3:41:46.839 	47.028550	32.262941	4.709632	5.109564	6.793152	43.391145	32.448038	4.626495	6.883391	8.964359	72.883853	106.930248	137.983698	22.068949	31.889848	46.041204
오후 3:41:47.910 	46.954185	32.246616	4.744356	5.141205	6.841806	43.324348	32.540571	4.672814	6.883896	8.944871	72.914836	106.770586	137.977833	25.584921	29.679656	44.735423
오후 3:41:48.866 	46.763219	32.502206	4.825207	5.121139	6.808906	43.058672	32.986466	4.857669	6.802867	8.807425	73.060996	106.014983	133.381443	27.502285	28.080289	44.417426
오후 3:41:49.764 	46.083512	32.760255	5.049848	5.047484	6.715755	42.755196	33.096091	5.034122	6.713409	8.686370	72.862225	102.952815	127.229312	30.522726	26.778724	42.698549
오후 3:41:50.679 	46.823451	32.517179	4.875715	4.942102	6.571643	43.691634	32.806422	4.858088	6.551642	8.457026	73.107020	102.469178	121.815674	33.215441	30.703706	36.080854
오후 3:41:51.731 	43.979284	31.609411	5.591140	6.200462	8.375176	40.526274	31.679385	5.399266	7.460081	11.297228	73.092414	100.371882	121.048342	35.304236	31.974962	32.720802
오후 3:41:52.732 	42.886184	30.843993	5.620815	6.866750	9.367295	38.519986	30.241452	5.570083	8.475938	13.439201	72.961586	97.939865	115.119428	35.235887	32.121611	32.642502
오후 3:41:53.711 	42.487835	31.055109	5.534744	6.934308	9.669740	38.035235	30.498320	5.397306	8.595163	13.636718	73.406289	98.437604	114.963384	38.810056	31.355872	29.834072
오후 3:41:54.721 	42.222758	31.671930	5.692470	6.912832	9.496530	37.868925	31.270582	5.597161	8.421995	13.279838	73.640912	98.847073	114.956552	38.929563	30.895261	30.175176
오후 3:41:55.744 	42.563078	30.352876	5.858426	7.228315	9.742646	38.803468	29.521499	5.747323	8.744798	13.447404	73.861593	98.628967	109.682309	39.094749	30.473145	30.432106
오후 3:41:56.766 	42.885869	30.974836	5.748876	6.942576	9.451505	39.428725	30.438066	5.566482	8.260513	12.725586	73.625564	95.838087	105.544252	41.913486	28.716722	29.369792
오후 3:41:57.746 	42.330079	31.491590	5.920309	6.856599	9.308508	39.141615	30.894875	5.709415	8.153448	12.506652	73.825872	95.252077	104.846274	42.066323	28.116540	29.817137
오후 3:41:58.769 	43.123683	31.153417	5.780352	6.725693	9.133587	40.213525	30.408970	5.599281	8.015645	12.243422	74.049587	95.021224	104.855765	42.015650	27.720933	30.263417
오후 3:41:59.764 	43.261289	30.836537	5.854923	6.763610	9.056554	40.720216	29.902885	5.623376	7.996215	12.096385	74.249016	94.534388	104.577005	43.066573	25.988818	30.944609
오후 3:42:00.735 	42.996257	31.091420	5.995772	6.656150	9.022352	40.472304	30.293677	5.728532	7.875482	12.014095	74.403155	94.158689	104.602378	39.151188	27.445018	33.403795
오후 3:42:01.755 	43.156793	31.650403	5.708066	6.366482	8.654881	41.124095	30.763815	5.454108	7.544629	11.502287	74.439214	93.844037	104.543166	36.699136	28.895424	34.405440
오후 3:42:02.756 	43.454631	31.230982	5.685316	6.438682	8.712604	41.266603	30.465151	5.441428	7.607812	11.574720	74.392860	94.100157	104.391811	36.459073	29.595429	33.945498
오후 3:42:03.770 	42.493427	32.056912	5.696721	6.461499	8.717093	40.344269	31.395398	5.418177	7.594249	11.535949	74.532095	93.704564	104.999080	33.647435	32.379450	33.973115
오후 3:42:04.748 	42.200608	32.107595	5.818452	6.487490	8.788935	39.977180	31.528994	5.569730	7.635118	11.548740	74.593707	92.638374	104.197238	28.034259	35.086270	36.879471
오후 3:42:05.761 	42.071321	32.632812	5.702420	6.391090	8.648011	39.895844	31.936849	5.514876	7.525777	11.373626	74.619227	92.595778	104.024503	27.273466	36.007530	36.719004
