Time	Fp1_Delta(%)	Fp1_Theta(%)	Fp1_Alpha(%)	Fp1_Beta(%)	Fp1_Gamma(%)	Fp2_Delta(%)	Fp2_Theta(%)	Fp2_Alpha(%)	Fp2_Beta(%)	Fp2_Gamma(%)	Heartbeat(bpm)	SDNN(ms)	RMSSD(ms)	VLF(%)	LF(%)	HF(%)
오후 4:45:37.133 	43.815810	38.486405	5.188904	4.482323	4.735446	44.545119	39.468749	4.947002	3.821898	4.391964	76.148048	88.941631	114.379702	1.338576	74.476043	24.185381
오후 4:45:38.174 	43.424002	39.341974	5.208868	4.336364	4.544113	43.857746	40.397434	4.935068	3.724342	4.261288	76.153219	88.908756	114.432496	1.288668	73.960492	24.750840
오후 4:45:39.113 	42.860484	39.267339	5.383679	4.553646	4.685735	43.150867	40.618070	5.087458	3.905982	4.379903	76.251615	88.321154	114.516730	1.687271	70.470277	27.842452
오후 4:45:40.336 	43.006488	39.577028	5.233340	4.422478	4.592072	43.429244	40.789162	4.947287	3.764269	4.265707	76.282740	87.995139	114.678546	2.188705	72.152987	25.658309
오후 4:45:41.537 	42.441686	39.614375	5.437944	4.482450	4.688804	42.771458	40.871246	5.164584	3.877849	4.370497	76.333517	88.718948	115.449815	1.764022	71.521944	26.714034
오후 4:45:42.128 	42.451562	39.684363	5.409206	4.462135	4.669455	42.624190	41.150201	5.142466	3.838002	4.335691	76.484759	91.546591	118.164449	1.851847	71.426257	26.721896
오후 4:45:43.143 	42.960156	39.443778	5.359596	4.372953	4.599431	43.163839	40.827223	5.106934	3.773424	4.285471	76.080879	90.216997	115.318024	2.539732	69.442506	28.017762
오후 4:45:44.103 	42.848828	39.346343	5.367245	4.426528	4.640798	43.165601	40.675998	5.106773	3.805655	4.314748	76.008677	90.970706	115.295968	2.843072	68.975521	28.181407
오후 4:45:45.107 	42.104590	39.641484	5.509792	4.501058	4.706768	42.480227	40.991804	5.238356	3.855039	4.346634	76.070556	90.494214	115.516332	5.049901	66.715278	28.234822
오후 4:45:46.094 	42.129120	39.700789	5.575697	4.497744	4.656534	42.468852	41.097471	5.277109	3.839134	4.307478	76.132537	90.320812	115.472293	5.247413	66.600614	28.151973
오후 4:45:47.140 	42.648780	38.925547	5.448530	4.511094	4.688397	43.178111	40.220059	5.178074	3.839822	4.253532	76.407496	89.028544	115.215983	5.091543	66.731909	28.176548
오후 4:45:48.140 	44.308842	36.992267	5.626194	4.596948	4.714099	44.428776	38.742620	5.403464	3.894197	4.220333	76.815571	92.782805	110.058940	3.624894	68.891855	27.483251
오후 4:45:49.114 	44.583413	36.926402	5.492129	4.577759	4.797554	44.645427	38.825174	5.227956	3.856143	4.282711	76.267175	84.632261	104.549468	1.809681	72.095472	26.094847
오후 4:45:50.139 	45.073695	36.086613	5.518190	4.557773	4.781738	44.770851	38.031227	5.477618	3.913384	4.256593	76.500202	84.270467	103.848016	2.122927	73.304322	24.572751
오후 4:45:51.112 	44.498696	36.652527	5.337248	4.576991	4.798972	43.774380	38.675076	5.367076	4.001739	4.295685	76.665318	84.156694	103.835939	2.041209	73.781673	24.177118
오후 4:45:52.189 	45.394199	36.413933	5.194007	4.536180	4.809560	45.460641	38.285261	5.040679	3.825973	4.224908	76.902537	84.001764	97.088723	1.304057	73.977500	24.718443
오후 4:45:53.190 	45.640828	36.487615	5.258657	4.539223	4.630068	45.564752	38.540059	4.987437	3.749594	3.991522	76.902537	83.682044	94.386782	1.410777	73.681321	24.907903
오후 4:45:54.198 	44.658956	37.107052	5.300960	4.571287	4.648724	44.677906	39.106586	5.072916	3.750022	3.976806	76.464178	79.245899	92.701805	1.598717	73.705561	24.695722
오후 4:45:55.133 	44.653351	37.161105	5.314456	4.533340	4.621184	44.715303	39.146494	5.068152	3.704797	3.950061	76.148048	78.943948	93.437522	1.526116	73.767160	24.706724
오후 4:45:56.164 	44.463249	37.426620	5.303242	4.448497	4.506944	44.421379	39.474092	5.053260	3.616576	3.846854	75.982923	78.691714	93.292249	0.826889	75.483730	23.689381
오후 4:45:57.220 	44.692283	36.918821	5.554435	4.563313	4.536371	44.967815	38.772222	5.300667	3.717777	3.864954	75.907573	78.120806	92.717587	1.240156	73.483048	25.276796
오후 4:45:58.196 	45.707089	36.444190	5.225533	4.416559	4.461823	46.346508	37.995234	4.987907	3.531978	3.746687	75.741691	78.536133	93.446594	1.287166	73.399608	25.313226
오후 4:45:59.176 	45.890524	36.440384	5.184487	4.422221	4.435253	46.483801	38.071390	4.931065	3.525773	3.684888	75.557951	79.016398	93.608608	2.418099	72.705274	24.876627
오후 4:46:00.168 	45.712843	36.613780	5.092931	4.445403	4.437038	46.306960	38.281930	4.868597	3.528351	3.633547	75.435953	78.858401	93.781643	2.606840	72.469335	24.923825
오후 4:46:01.172 	45.842940	36.697559	5.055519	4.368078	4.372480	46.422667	38.342454	4.840075	3.464822	3.567409	75.181509	79.474045	94.226753	2.671887	72.300989	25.027124
오후 4:46:02.191 	45.876414	36.473365	5.085405	4.405406	4.400228	46.548304	38.073698	4.839826	3.487716	3.579299	75.048860	80.834401	94.308826	1.974780	72.707286	25.317934
오후 4:46:03.190 	46.124672	35.803470	5.028678	4.483784	4.482810	46.802025	37.679440	4.754155	3.499303	3.583574	74.850761	82.736732	94.157163	1.259329	73.822957	24.917715
오후 4:46:04.171 	46.265778	36.177420	4.928508	4.291713	4.262277	46.825060	37.953034	4.729438	3.328873	3.325896	74.790018	83.286881	94.339585	1.195380	73.969968	24.834651
오후 4:46:05.173 	46.348066	36.300050	4.942956	4.355547	4.221297	47.197584	37.968700	4.702899	3.325447	3.248696	74.227801	80.784738	80.005966	1.060820	73.935086	25.004094
오후 4:46:06.192 	45.735861	36.742921	5.038116	4.369333	4.053504	46.594189	38.295063	4.815113	3.316632	3.104826	74.449240	84.110141	83.282455	1.379566	72.941988	25.678446
오후 4:46:07.196 	45.464365	36.930950	5.193513	4.269337	3.954613	46.252062	38.358902	5.035006	3.351272	3.039906	74.063756	81.913416	80.042221	1.413393	72.764670	25.821937
오후 4:46:08.206 	46.536992	36.448436	5.070636	4.122921	3.903288	47.206843	38.172686	4.837956	3.120911	3.036251	73.880687	82.479753	79.993877	1.619899	72.892484	25.487617
오후 4:46:09.181 	46.864170	35.772414	5.089103	4.143041	3.845829	47.358641	37.792754	4.856639	3.058407	3.022509	73.811168	83.176935	80.464416	2.563588	72.862885	24.573527
오후 4:46:10.217 	47.664117	35.273703	5.086070	3.966104	3.730966	48.432814	36.991891	4.859320	2.900284	2.859490	73.781206	83.394575	80.399372	2.994296	72.931949	24.073755
오후 4:46:11.185 	47.746480	35.508638	5.012672	3.851960	3.664978	48.466707	37.292665	4.765290	2.822544	2.794124	73.741294	83.869170	80.425125	4.462408	69.331009	26.206583
오후 4:46:12.223 	49.000176	34.279946	5.017868	3.885841	3.667799	49.832812	35.975564	4.763752	2.827149	2.804763	73.706407	84.108165	80.526700	5.067994	68.551047	26.380959
오후 4:46:13.228 	48.822399	35.204300	4.998900	3.689024	3.508735	49.373362	37.008326	4.792139	2.767534	2.573093	73.691466	84.233130	80.526700	8.971132	63.427239	27.601629
오후 4:46:14.232 	48.979922	35.308050	4.954738	3.629756	3.346721	49.261669	37.214741	4.819159	2.738887	2.511978	73.601944	85.363831	68.522605	11.008927	61.499478	27.491595
오후 4:46:15.239 	49.304014	35.122473	4.932907	3.578308	3.276174	49.740952	36.920188	4.758115	2.682423	2.470675	72.849699	79.914352	61.974633	11.466138	61.409945	27.123917
오후 4:46:16.225 	49.991146	34.662394	4.996883	3.490883	3.175179	50.379664	36.432667	4.804254	2.628732	2.405578	73.147695	89.563424	71.464545	13.772467	61.014093	25.213441
오후 4:46:17.234 	49.594175	34.915602	4.977024	3.499702	3.224182	49.852618	36.764927	4.791843	2.685050	2.479257	72.587859	79.952070	62.064260	13.718359	61.022495	25.259146
오후 4:46:18.210 	49.848898	34.843037	4.822406	3.536387	3.255153	50.388765	36.393702	4.672534	2.740593	2.567487	72.510638	79.877078	62.106392	13.061859	61.251465	25.686676
오후 4:46:19.226 	50.175835	34.803455	4.809718	3.568582	3.372498	50.605804	36.256843	4.667400	2.781691	2.645084	72.350447	79.489750	62.629014	12.040700	62.012019	25.947281
오후 4:46:20.266 	49.860787	34.736249	5.011148	3.659462	3.358565	50.601085	36.022152	4.659851	2.831178	2.670372	72.462458	79.743207	62.614989	11.633903	63.633173	24.732924
오후 4:46:21.246 	50.483003	34.659124	4.802699	3.447013	3.220998	51.006205	36.039482	4.561174	2.710356	2.539522	72.534752	80.655083	62.623692	11.875893	63.049063	25.075044
오후 4:46:22.264 	51.096315	34.460165	4.755600	3.356496	3.113232	51.738679	35.613241	4.515106	2.638564	2.474744	72.762210	83.576942	62.835664	10.692366	64.688479	24.619155
오후 4:46:23.248 	51.268180	34.524226	4.731151	3.282159	3.031654	51.832910	35.730262	4.497407	2.538546	2.401768	72.835103	84.336108	62.820051	12.202990	63.322223	24.474787
오후 4:46:24.270 	51.031787	34.447180	4.863483	3.364806	3.039207	51.278261	35.776914	4.702522	2.625618	2.448888	72.835103	84.336108	62.930992	12.393511	64.234581	23.371908
오후 4:46:25.245 	50.859500	34.870495	4.914330	3.255380	2.949212	51.044866	36.226091	4.776914	2.556228	2.346502	72.650723	82.330084	62.764507	11.479104	65.245420	23.275476
오후 4:46:26.245 	51.506213	34.417072	4.819491	3.190693	2.867501	51.773606	35.699692	4.637438	2.501717	2.280889	72.462458	81.165639	63.069393	11.910487	65.220431	22.869082
오후 4:46:27.294 	51.436198	34.208880	5.089338	3.310384	2.892813	52.140664	35.239948	4.810897	2.605705	2.301898	72.265589	80.750495	63.166093	11.828929	65.285759	22.885311
오후 4:46:28.253 	51.413667	34.165180	5.033117	3.313345	2.888162	51.942906	35.241423	4.873896	2.564620	2.287762	72.327895	87.797544	71.748724	13.007382	64.673234	22.319385
오후 4:46:29.311 	51.535208	34.372549	5.007614	3.224770	2.748818	52.190321	35.324986	4.917568	2.413311	2.120150	71.886073	80.059058	62.991655	12.601737	65.227496	22.170767
오후 4:46:30.265 	51.305797	34.397757	5.174620	3.302701	2.800996	51.979215	35.329088	5.106566	2.467964	2.159997	71.929355	79.987109	63.060075	12.649103	62.542229	24.808668
오후 4:46:31.265 	50.537417	34.935383	5.315813	3.380514	2.779902	51.144014	35.929799	5.141085	2.535606	2.182647	71.974657	79.440864	62.365578	12.067574	62.584953	25.347473
오후 4:46:32.297 	50.979853	35.104661	5.168182	3.127091	2.604974	51.650769	36.014325	5.027223	2.363922	1.991702	72.199839	78.999537	62.685484	13.734254	62.846055	23.419691
오후 4:46:33.272 	50.216247	35.332974	5.456180	3.243649	2.672239	51.242570	36.102091	5.243291	2.424413	1.945212	72.292073	78.364447	62.351216	12.193600	59.623178	28.183222
오후 4:46:34.304 	50.182504	35.883599	5.322641	3.146149	2.561502	50.757560	36.828314	5.282736	2.398751	1.850980	72.554055	82.830909	52.488888	10.833319	55.611817	33.554864
오후 4:46:35.293 	50.479914	35.151760	5.504407	3.200786	2.604610	51.016480	36.144818	5.497469	2.422421	1.891708	71.929355	71.885355	37.227626	10.175890	55.585958	34.238152
오후 4:46:36.332 	50.426162	35.367522	5.471775	3.065580	2.503469	51.066638	36.419924	5.438787	2.256597	1.755802	71.900495	72.169309	37.723308	10.466838	60.541718	28.991443
오후 4:46:37.331 	51.438210	34.710443	5.290358	2.891633	2.448864	52.525666	35.353390	5.326634	2.073309	1.695935	71.780493	73.210739	37.617640	11.262612	65.090803	23.646584
오후 4:46:38.290 	53.012202	32.832198	5.215017	3.009666	2.546555	54.225508	33.530994	5.271046	2.156474	1.669922	71.660890	73.462206	37.156274	12.499515	65.403496	22.096989
오후 4:46:39.338 	52.052565	32.949082	5.733890	3.124920	2.539802	53.069771	33.266105	6.081282	2.390309	1.666830	71.475105	75.865042	36.231176	14.075169	62.237286	23.687545
오후 4:46:40.318 	53.066007	33.020891	5.254268	2.948990	2.500934	54.585282	33.398484	5.330529	2.093370	1.592037	71.356517	76.476279	35.863089	15.117101	61.270858	23.612041
오후 4:46:41.323 	53.346851	32.903389	5.200570	2.934153	2.465705	54.899305	33.106391	5.287815	2.096501	1.593059	71.299735	77.120958	35.662121	17.294603	61.165582	21.539816
오후 4:46:42.301 	53.349121	32.970341	5.178266	2.913619	2.439413	54.811344	33.281197	5.247537	2.071585	1.580228	71.266653	77.621570	35.634206	18.127402	61.172212	20.700386
오후 4:46:43.340 	52.606325	32.755354	5.808537	3.006583	2.479636	53.875633	33.321070	5.856062	2.168800	1.607323	71.295007	77.390215	35.519211	18.671008	61.160029	20.168963
오후 4:46:44.309 	53.102781	32.987755	5.336543	2.893511	2.383213	54.320826	33.502268	5.432628	2.088969	1.557898	71.224165	77.602093	35.153105	17.301323	62.135765	20.562912
오후 4:46:45.345 	54.252588	32.662066	5.327725	2.682627	2.139603	55.938999	32.568615	5.301980	1.977824	1.428104	71.006298	77.982674	35.407471	17.633139	61.428781	20.938079
오후 4:46:46.336 	52.056691	34.362673	5.533852	2.886007	2.199110	53.503162	34.276650	5.615445	2.221118	1.498802	70.906536	77.377807	36.010730	17.057944	60.602198	22.339858
오후 4:46:47.352 	53.046925	33.965374	5.261840	2.595193	2.100924	54.730519	33.817357	5.267290	1.889823	1.418138	70.820709	75.906985	37.111610	18.672216	56.700345	24.627439
오후 4:46:48.324 	52.708700	34.608618	5.217590	2.368772	1.860835	54.850145	33.487247	5.401146	1.851602	1.332097	70.486832	73.026226	37.332437	23.822006	49.612556	26.565438
오후 4:46:49.332 	51.163336	35.349812	5.620463	2.618636	1.715575	53.585464	34.370237	5.413543	2.047351	1.242080	70.439984	72.254396	38.878242	25.645636	49.771684	24.582680
오후 4:46:50.367 	51.372140	36.182572	5.094854	2.326482	1.735167	53.950403	34.795804	5.106747	1.833004	1.246296	70.374502	71.152093	38.817592	26.832267	48.813862	24.353870
오후 4:46:51.341 	51.832530	35.944158	5.120872	2.271913	1.705848	54.293188	34.626988	5.107463	1.804120	1.257045	70.047616	67.701460	39.396312	26.940563	50.198592	22.860844
오후 4:46:52.396 	51.579707	35.545498	5.260848	2.535623	1.729200	53.996069	34.273490	5.257133	2.024745	1.293135	69.883581	67.697131	40.183314	25.156414	53.148613	21.694973
오후 4:46:53.344 	51.018671	36.170560	5.176278	2.279046	1.627909	53.311617	35.013084	5.190535	1.820327	1.207123	69.763033	67.285607	40.572824	24.929980	53.462888	21.607132
오후 4:46:54.349 	53.370381	34.498236	4.953305	2.233771	1.568272	55.445239	33.434664	5.023174	1.761328	1.184008	69.712557	67.441203	40.553462	24.798609	53.657254	21.544137
오후 4:46:55.353 	52.946145	34.960654	4.989639	2.231801	1.569764	55.007848	33.845854	5.068643	1.774598	1.202225	69.711006	68.159975	42.804128	25.744767	50.074836	24.180396
오후 4:46:56.403 	52.660809	34.739056	5.170397	2.308725	1.598524	54.463536	34.003489	5.217181	1.864458	1.240680	69.729621	68.390920	42.590773	27.302579	48.564915	24.132506
오후 4:46:57.435 	52.846950	34.843701	5.079619	2.232683	1.534328	54.478574	34.078510	5.182609	1.839666	1.230510	69.734277	68.413467	42.590773	24.685418	45.153349	30.161233
오후 4:46:58.378 	52.268062	35.386645	5.208881	2.325852	1.538244	53.545123	34.833133	5.338989	1.976334	1.285631	69.813583	68.195025	42.856324	22.698348	45.015741	32.285911
오후 4:46:59.383 	52.258490	34.505777	5.460744	2.413322	1.666444	53.614077	33.808934	5.626979	2.074859	1.456726	69.808984	68.173563	42.580549	20.932781	48.531201	30.536018
오후 4:47:00.390 	53.591292	34.078948	5.151994	2.106662	1.421260	54.985047	33.259644	5.331571	1.826648	1.210792	69.864883	68.339015	43.246115	17.893804	54.295632	27.810564
오후 4:47:01.379 	52.803896	34.797215	5.332339	2.189503	1.447567	53.948687	34.154534	5.515712	1.915459	1.266584	69.874231	68.191145	42.992594	16.296864	57.267549	26.435587
오후 4:47:02.385 	50.635050	37.168432	5.351271	2.045353	1.360742	51.539909	36.282950	5.788467	1.923895	1.218847	69.916326	68.048441	43.979794	15.512031	58.519478	25.968491
오후 4:47:03.378 	52.585918	35.000217	5.369877	2.035694	1.344849	53.582710	34.452889	5.597035	1.801298	1.196640	69.939735	67.799561	44.286835	15.445286	59.101192	25.453522
오후 4:47:04.468 	51.885931	35.674817	5.476735	2.114012	1.333849	52.763506	35.046222	5.737980	1.916912	1.232265	69.921007	68.125988	44.132292	12.797088	57.845428	29.357484
오후 4:47:05.385 	52.344303	35.521830	5.404648	1.987948	1.289047	53.272525	34.850227	5.627160	1.814978	1.190655	69.925688	68.106493	45.165198	11.715186	59.908171	28.376643
오후 4:47:06.408 	52.087715	35.094961	5.582328	2.072675	1.339364	52.910260	34.449730	5.836580	1.942016	1.260148	69.935052	68.030524	45.228185	12.046995	56.510871	31.442134
오후 4:47:07.405 	52.223620	35.120566	5.520047	2.011400	1.294504	53.118146	34.445237	5.780319	1.870145	1.233690	69.864206	68.092228	45.453219	14.781177	45.510366	39.708457
오후 4:47:08.406 	51.498497	35.659387	5.734059	2.165719	1.371236	52.011923	35.225318	6.057956	2.061003	1.321916	69.831983	68.198125	45.423589	16.475766	44.933818	38.590416
오후 4:47:09.398 	51.733126	35.593843	5.660324	2.070976	1.304081	52.067109	35.473819	5.947073	1.938500	1.253279	69.758441	68.875335	45.593701	21.820832	42.468899	35.710268
오후 4:47:10.404 	52.121530	34.611115	5.551949	2.074503	1.334813	52.585674	34.274485	5.844082	1.975406	1.294998	69.762223	69.569893	45.691588	22.263757	41.389063	36.347180
오후 4:47:11.457 	52.109956	34.096933	6.031960	2.362885	1.445682	52.430663	33.712096	6.388906	2.336659	1.407929	69.776204	69.527203	45.691588	20.111745	41.782355	38.105901
오후 4:47:12.447 	53.042354	33.813771	5.596143	2.124108	1.391454	53.568379	33.394582	5.918526	2.033482	1.328868	69.790191	69.326548	46.204589	20.563005	41.749365	37.687630
오후 4:47:13.438 	52.894028	33.998560	5.606912	2.124424	1.382585	53.370306	33.586246	5.953468	2.023660	1.316581	69.790191	69.326548	45.818512	19.823730	40.426452	39.749818
오후 4:47:14.431 	52.199208	34.300621	5.779785	2.276525	1.462237	52.775210	33.805581	6.135598	2.174673	1.389272	69.832186	69.075437	47.192160	19.172808	39.485064	41.342127
오후 4:47:15.443 	51.452237	34.244723	6.162050	2.448505	1.502791	52.117184	33.720555	6.536674	2.259637	1.411469	69.799519	69.271163	47.346336	16.896552	39.282472	43.820976
오후 4:47:16.428 	51.050113	34.662551	6.350882	2.445295	1.520342	51.532404	34.039040	6.892320	2.306373	1.428221	69.715659	70.083586	47.519186	17.196024	37.943409	44.860568
오후 4:47:17.439 	52.335866	34.772920	5.728997	2.230818	1.447031	53.008145	34.072857	6.136473	2.110941	1.349740	69.576339	71.287542	47.339120	18.557164	36.045382	45.397454
오후 4:47:18.465 	52.487505	34.890295	5.707035	2.155878	1.387298	53.295540	34.229417	6.125219	1.972716	1.191177	69.366406	70.706702	47.928502	20.177511	35.691201	44.131288
오후 4:47:19.454 	51.920484	35.184928	6.116694	2.271775	1.301166	52.635230	34.597415	6.511157	2.099185	1.121161	68.997226	69.485017	47.953334	22.084635	35.279204	42.636161
오후 4:47:20.475 	52.694470	35.067639	5.687563	2.130674	1.215407	53.616940	34.399344	6.064212	1.884972	0.999204	68.792729	66.708547	48.704952	22.058307	35.339837	42.601856
오후 4:47:21.453 	53.251015	34.578055	5.715574	2.115573	1.188326	54.010324	34.056627	6.091861	1.866834	0.979396	68.380066	58.943228	49.034837	22.088451	34.996785	42.914765
오후 4:47:22.476 	51.518296	36.384338	5.770612	2.082290	1.178393	52.356939	35.807809	6.192164	1.844351	0.950902	68.158156	55.683327	49.197232	22.155385	32.063986	45.780629
오후 4:47:23.448 	58.741778	30.429847	5.278662	1.801493	1.032478	60.014333	29.387252	5.629087	1.567144	0.824350	68.000529	53.592263	49.213677	22.205611	32.045462	45.748927
오후 4:47:24.453 	58.503024	30.462582	5.271428	1.831361	1.031832	59.792158	29.440476	5.640509	1.583317	0.817482	67.837259	51.563686	49.590798	22.204569	32.044989	45.750442
오후 4:47:25.477 	57.327942	31.345531	5.595560	2.009640	1.077850	58.759365	30.254781	5.915955	1.680872	0.853669	67.787362	51.513203	50.249154	21.751657	32.195674	46.052670
오후 4:47:26.464 	59.513575	30.130237	5.082148	1.662053	0.945264	60.579266	29.252871	5.425698	1.414861	0.731730	67.742065	51.846313	50.389111	18.548370	33.018814	48.432815
오후 4:47:27.509 	59.598248	29.701911	5.444356	1.759734	0.907322	60.668339	28.608240	5.876250	1.546907	0.717035	67.772144	51.669020	51.250292	16.867365	37.651966	45.480669
오후 4:47:28.475 	59.492867	30.346568	5.109144	1.665509	0.933282	61.163688	28.955505	5.371161	1.405636	0.714691	67.678548	52.015668	51.250292	14.951355	38.711326	46.337319
오후 4:47:29.476 	59.935137	30.234161	5.016048	1.549032	0.917238	61.390823	29.117353	5.233165	1.304881	0.689713	67.565982	51.391641	52.533114	13.165761	38.436622	48.397617
오후 4:47:30.480 	60.086552	30.148603	4.883133	1.481789	0.914757	61.460351	29.152439	5.076772	1.241863	0.684020	67.449102	50.730584	52.933762	11.778333	38.921329	49.300338
오후 4:47:31.488 	59.326861	29.564286	5.435540	1.835930	1.032363	60.806127	28.470245	5.633655	1.590674	0.808194	67.283467	49.952864	52.820554	9.175564	41.031579	49.792858
오후 4:47:32.560 	60.794054	29.232206	4.926112	1.503504	0.931781	62.389411	28.087154	5.122738	1.255805	0.687637	67.252222	49.628081	53.561993	8.671678	41.775387	49.552934
오후 4:47:33.520 	60.968309	29.125614	4.838104	1.492136	0.922671	62.546490	28.018319	5.037306	1.241821	0.676374	67.221007	49.563572	53.561993	9.388867	40.195902	50.415231
오후 4:47:34.528 	60.028912	29.711504	4.998660	1.617587	0.961499	61.826433	28.473238	5.150343	1.341649	0.710242	67.096774	50.187654	53.764178	8.681973	39.479394	51.838633
오후 4:47:35.491 	60.685286	29.530530	4.821167	1.472026	0.916730	62.394419	28.325985	5.010871	1.201631	0.659369	67.137381	49.902689	54.040625	8.023678	39.075492	52.900830
오후 4:47:36.530 	60.404592	29.312422	5.344440	1.578111	0.929527	61.897592	28.063689	5.712788	1.294717	0.664909	67.132867	49.910847	53.722034	7.570408	38.154282	54.275310
오후 4:47:37.542 	61.028715	29.573941	4.741615	1.450987	0.890555	62.568286	28.352650	4.999713	1.166461	0.630580	67.128353	49.976211	53.932427	7.497393	37.946818	54.555789
오후 4:47:38.553 	61.033211	29.586396	4.730333	1.433964	0.881103	62.547320	28.366327	4.990053	1.157979	0.625928	67.207637	48.732150	53.504986	7.493400	37.941395	54.565204
오후 4:47:39.526 	60.608685	29.803965	4.869298	1.467773	0.911219	62.226414	28.547410	5.148619	1.178293	0.637995	67.212093	48.698601	53.688943	7.679932	37.814799	54.505268
오후 4:47:40.520 	60.915276	29.631121	4.787264	1.437634	0.917913	62.465636	28.422705	5.047116	1.162136	0.649680	67.225464	48.553881	53.662702	7.817733	37.687750	54.494517
오후 4:47:41.576 	60.926589	29.637024	4.782471	1.436932	0.922771	62.483686	28.447496	5.045188	1.166451	0.643142	67.337097	48.164986	53.662702	7.511002	38.056339	54.432658
오후 4:47:42.523 	60.954581	29.610482	4.767920	1.437644	0.923689	62.480037	28.443225	5.032894	1.169597	0.644987	67.381854	48.506425	53.673638	5.743468	39.116453	55.140080
오후 4:47:43.624 	61.351133	29.128754	4.836507	1.502417	0.972414	62.960030	27.813371	5.110205	1.208547	0.678660	67.377376	48.509028	53.987623	5.538953	39.553135	54.907912
오후 4:47:44.539 	61.589770	28.797377	4.892338	1.482353	0.961245	62.887716	27.912320	5.104397	1.186436	0.663822	67.431156	48.560034	53.568567	3.683826	44.984719	51.331455
오후 4:47:45.550 	60.849585	29.128060	5.069353	1.667923	1.085487	61.965486	28.325113	5.396322	1.338693	0.733430	67.368421	47.649846	53.381996	2.632766	46.629564	50.737670
오후 4:47:46.580 	60.827422	29.174401	5.054408	1.651329	1.076373	61.869793	28.440230	5.363630	1.323459	0.722316	67.332625	47.489537	53.399584	2.583422	46.741589	50.674989
오후 4:47:47.643 	61.053594	28.545322	5.191687	1.759934	1.137328	61.991718	27.932185	5.535724	1.414607	0.757700	67.399774	48.553332	53.300579	2.200431	47.403320	50.396249
오후 4:47:48.597 	61.313535	27.468292	5.376372	1.950609	1.234513	62.290679	26.831809	5.671959	1.632717	0.873108	67.337097	46.970700	53.371001	1.206261	46.487881	52.305858
오후 4:47:49.584 	61.628939	27.918885	5.223508	1.775345	1.188853	62.652345	27.325532	5.522606	1.413938	0.771355	67.196123	45.143667	52.473766	1.259532	47.471881	51.268587
오후 4:47:50.567 	61.744639	27.894311	5.183494	1.751147	1.175781	62.764242	27.337336	5.464550	1.376841	0.758347	67.368421	45.836862	51.779210	0.986112	47.374520	51.639368
오후 4:47:51.549 	61.766571	27.895197	5.162143	1.747506	1.173829	62.793126	27.349907	5.453246	1.378974	0.738159	67.381854	45.951601	51.731585	0.840629	46.525182	52.634188
오후 4:47:52.619 	61.865934	27.928622	5.153335	1.695633	1.135407	62.806827	27.389577	5.415378	1.343813	0.716052	67.417703	45.906375	51.792810	0.761572	46.004245	53.234183
오후 4:47:53.638 	60.071951	28.823545	5.460170	1.968654	1.312353	61.304597	28.158513	5.677523	1.560315	0.858697	67.516484	46.871244	50.658598	0.663952	43.935416	55.400633
오후 4:47:54.633 	61.795344	27.388344	5.309945	1.871963	1.283612	62.985297	26.628685	5.495709	1.533688	0.872755	67.485022	46.091605	50.658598	0.675830	42.770506	56.553664
오후 4:47:55.631 	60.821808	28.004247	5.357957	1.912812	1.571486	61.825999	27.047252	5.538001	1.736036	1.301656	67.478854	44.765072	50.125981	0.626389	42.894197	56.479414
오후 4:47:56.576 	60.845719	28.012821	5.370250	1.896287	1.564233	61.833262	27.029607	5.521447	1.730679	1.328222	67.489515	45.708530	49.713724	0.689194	42.541704	56.769103
오후 4:47:57.617 	60.874848	28.045979	5.337081	1.877225	1.554590	61.798646	27.074162	5.507252	1.737890	1.326265	67.543474	47.373042	49.902248	0.824638	42.324676	56.850686
오후 4:47:58.641 	60.898444	28.057648	5.322863	1.845489	1.570910	61.790379	27.111685	5.496768	1.735020	1.329207	67.665198	50.820528	49.334514	1.032079	42.462303	56.505618
오후 4:47:59.590 	58.706113	28.559053	5.769115	2.521917	1.725847	59.690889	27.745319	5.743282	2.332808	1.510362	67.987052	55.302587	48.798523	1.572611	42.268093	56.159296
오후 4:48:00.591 	61.613539	27.021022	5.237686	1.988386	1.679154	62.652588	26.000219	5.319131	1.852490	1.438525	68.207847	57.128292	47.764214	1.456436	42.075345	56.468220
오후 4:48:01.599 	61.592529	27.084932	5.216911	1.994836	1.673037	62.622358	26.068761	5.297822	1.862713	1.433579	68.348277	59.640206	47.436368	2.345518	44.850347	52.804135
오후 4:48:02.628 	62.373871	25.687245	5.412830	2.211090	1.786727	63.562982	24.581789	5.463764	2.086023	1.531497	68.635454	59.814220	46.583095	1.981426	43.427512	54.591062
오후 4:48:03.596 	61.671188	26.750553	5.289981	2.086978	1.735756	62.912110	25.739781	5.244318	1.952435	1.491366	68.708773	60.225402	46.560756	1.810157	42.980919	55.208924
오후 4:48:04.613 	60.876907	27.589202	5.282646	2.054441	1.712893	62.190821	26.518504	5.306020	1.911801	1.468339	68.823647	60.785725	46.299338	1.819372	44.295992	53.884636
오후 4:48:05.619 	60.982467	27.562525	5.331633	1.971872	1.669442	62.258387	26.523697	5.358400	1.840370	1.432008	68.892757	60.187575	46.835526	1.785135	44.632690	53.582175
오후 4:48:06.616 	60.289826	28.239165	5.417356	1.933529	1.638079	61.513586	27.252827	5.468054	1.803446	1.399522	68.925055	60.198410	46.946461	1.650879	43.369404	54.979717
오후 4:48:07.608 	59.393215	28.985600	5.589822	1.912723	1.621999	60.559265	28.033046	5.640093	1.785262	1.384956	69.001784	60.127015	47.264493	1.661138	43.292006	55.046856
오후 4:48:08.632 	57.304484	31.204150	5.597088	1.801841	1.542486	58.399696	30.413408	5.618029	1.676485	1.311255	69.047399	59.614606	47.315060	1.655228	42.871695	55.473077
오후 4:48:09.640 	54.643375	33.408190	5.825147	1.931766	1.645344	55.808897	32.635621	5.797584	1.811397	1.418320	69.180024	59.363993	47.758218	1.487088	45.149058	53.363854
오후 4:48:10.658 	57.336822	30.988044	5.866547	1.853145	1.543523	58.628870	30.181225	5.786376	1.719569	1.317873	69.166280	59.392167	47.758218	1.565582	44.364514	54.069905
오후 4:48:11.653 	54.644439	32.918764	6.436748	1.826632	1.443912	55.898712	32.132669	6.316568	1.688958	1.251986	69.216700	58.904784	47.528770	3.032042	37.094863	59.873095
오후 4:48:12.651 	55.559117	33.290801	5.531727	1.586109	1.298892	57.097603	32.229632	5.453438	1.447637	1.116161	69.405276	57.802325	46.986613	1.490717	39.974664	58.534619
오후 4:48:13.659 	55.644525	33.218739	5.530836	1.590037	1.299537	57.112999	32.223201	5.444108	1.450021	1.115329	69.474111	57.993817	47.241015	1.600548	39.395215	59.004237
오후 4:48:14.640 	55.588613	33.235783	5.542286	1.607730	1.304768	57.130599	32.189575	5.462398	1.462006	1.114948	69.534651	56.964442	47.991314	1.574939	39.422422	59.002639
오후 4:48:15.644 	55.630558	33.188105	5.556701	1.607610	1.308785	57.153650	32.166334	5.482372	1.454644	1.113920	69.720312	55.768963	47.322279	1.035145	38.972919	59.991936
오후 4:48:16.652 	55.294148	33.058342	5.575814	1.750685	1.392987	56.791431	32.178461	5.488247	1.567677	1.187321	69.743590	55.641653	47.646022	1.002796	38.846333	60.150870
오후 4:48:17.705 	55.540802	32.987568	5.519657	1.719019	1.400279	57.150129	32.058491	5.398326	1.530147	1.183087	69.757564	55.416653	47.931958	0.909426	38.455427	60.635147
오후 4:48:18.760 	55.582074	32.965318	5.519584	1.720189	1.401151	57.207168	32.017358	5.394290	1.532607	1.183109	69.925688	54.057582	48.583224	0.657454	37.199889	62.142657
오후 4:48:19.672 	55.562752	32.973175	5.514530	1.721637	1.395420	57.167468	32.030728	5.403916	1.532898	1.180872	69.967846	53.947344	48.583224	0.695658	36.773245	62.531097
오후 4:48:20.696 	55.556955	32.985801	5.504290	1.702121	1.392451	57.124119	32.051599	5.404766	1.531728	1.178981	69.914902	56.766485	56.933037	0.544426	36.191833	63.263741
오후 4:48:21.670 	55.839200	33.141764	5.284737	1.621933	1.334969	57.144093	32.394745	5.213714	1.465708	1.130165	70.039651	56.766485	57.027551	0.516359	36.625002	62.858639
오후 4:48:22.713 	52.363609	35.433028	5.631903	1.761584	1.462937	53.702399	34.719824	5.516494	1.612122	1.248041	70.058170	56.644213	57.169030	0.516654	36.622886	62.860461
오후 4:48:23.698 	49.881814	37.699278	5.662689	1.831999	1.515024	51.101679	37.168856	5.466095	1.663012	1.291608	70.014747	57.059872	56.875859	0.471078	37.295150	62.233772
오후 4:48:24.684 	50.519553	37.169715	5.632293	1.818408	1.538567	51.812540	36.588082	5.424305	1.661720	1.309232	70.160543	56.519634	57.243061	0.499948	37.521187	61.978865
오후 4:48:25.701 	50.707846	37.215291	5.582189	1.812257	1.525144	52.130092	36.520132	5.344909	1.656247	1.300609	70.169970	56.535039	56.921888	0.555892	37.799067	61.645041
오후 4:48:26.775 	48.898943	38.021571	6.043189	2.038533	1.695911	50.469473	37.190946	5.751107	1.881155	1.468784	70.239247	56.003135	57.184728	0.387508	37.246971	62.365521
오후 4:48:27.735 	48.543431	37.785329	5.891034	2.067698	1.699382	49.647641	37.514535	5.606182	1.862140	1.465090	70.407228	55.338591	56.444179	0.666560	38.620321	60.713119
오후 4:48:28.693 	48.948676	37.594537	5.659489	2.009565	1.655124	49.748184	37.524182	5.487434	1.797550	1.438194	70.421262	55.322016	56.390485	0.539558	38.091506	61.368936
오후 4:48:29.716 	48.818527	37.757123	5.661037	1.994339	1.651998	49.664112	37.627772	5.491345	1.792104	1.437268	70.468085	54.834898	56.390485	0.381050	38.019386	61.599564
오후 4:48:30.703 	47.847173	38.581302	5.989986	2.146347	1.717545	48.661410	38.494805	5.823754	1.930617	1.500630	70.618337	53.742254	56.041215	0.647431	36.487633	62.864936
오후 4:48:31.703 	47.816871	38.614676	6.000133	2.135425	1.702124	48.654146	38.482184	5.837349	1.917663	1.495015	70.606777	53.694587	56.155882	0.904121	33.971488	65.124392
오후 4:48:32.736 	47.819821	38.606105	5.993476	2.134666	1.712842	48.691188	38.438471	5.833101	1.918166	1.494305	70.759781	52.168889	55.637349	0.965672	34.050495	64.983833
오후 4:48:33.704 	47.837618	38.589512	6.011210	2.132072	1.721236	48.704766	38.409758	5.848762	1.922821	1.500097	70.849656	51.794455	56.031204	0.778706	37.669951	61.551343
오후 4:48:34.753 	47.813781	38.566598	6.047532	2.148644	1.729167	48.663962	38.413610	5.875736	1.932926	1.507033	70.920771	51.349889	55.774308	0.345107	36.702732	62.952161
오후 4:48:35.735 	47.634408	39.114587	5.953296	2.030524	1.633599	48.267035	39.139131	5.805170	1.845132	1.431354	70.987274	50.141354	55.985130	0.218513	35.442880	64.338607
오후 4:48:36.731 	45.525414	38.571321	6.873273	2.630221	1.772333	45.869341	39.058085	6.673981	2.467355	1.587021	71.034853	49.524650	55.816536	0.202006	35.370732	64.427262
오후 4:48:37.761 	47.452292	38.321233	6.151873	2.102203	1.702081	48.203701	38.383219	5.942886	1.907010	1.490528	71.096800	49.385308	55.955061	0.281285	35.312268	64.406447
오후 4:48:38.730 	47.513287	38.258521	6.171469	2.093982	1.705459	48.257436	38.350651	5.941022	1.912366	1.490894	71.059414	49.085647	56.025777	0.375776	35.618482	64.005742
오후 4:48:39.784 	47.938656	37.971020	6.128655	1.993827	1.622586	48.729002	37.951562	5.956455	1.814307	1.414809	71.181728	48.136027	56.340664	0.676087	34.886329	64.437584
오후 4:48:40.733 	47.964322	38.013417	6.122200	1.970310	1.589809	48.641583	38.060023	5.955548	1.780816	1.381526	71.153464	48.305841	56.706472	0.571635	34.640777	64.787588
오후 4:48:41.744 	47.602593	38.174079	6.220154	1.988458	1.563836	48.314149	38.191934	6.054084	1.789700	1.362220	71.082904	48.819600	56.446542	0.657539	34.907124	64.435337
오후 4:48:42.750 	47.972169	38.302073	6.061414	1.945610	1.545807	48.072125	38.579790	5.990273	1.754993	1.352155	71.201881	48.834485	57.402098	0.138937	34.620173	65.240890
오후 4:48:43.779 	47.206575	38.735026	6.181814	1.911285	1.559706	47.207782	39.002738	6.123822	1.742510	1.342698	71.536926	58.901077	68.130521	0.022483	34.845159	65.132358
오후 4:48:44.773 	47.602102	38.553234	5.931783	1.789579	1.506889	47.603260	38.809965	5.874443	1.634246	1.286839	71.266653	48.737899	57.573392	0.299853	37.341917	62.358230
오후 4:48:45.756 	45.243943	39.323254	6.482667	2.199663	1.623991	45.700331	38.994992	6.466075	1.947225	1.428318	71.332847	48.382689	56.871970	0.261861	39.386656	60.351483
오후 4:48:46.796 	43.137744	40.441311	6.448020	2.227089	1.678197	43.618069	40.061886	6.428010	1.972669	1.518356	71.261930	48.249794	56.897239	0.283726	39.509981	60.206293
오후 4:48:47.826 	45.924071	38.432803	5.757874	2.133218	1.599975	46.993471	37.493497	5.691661	1.843889	1.452898	71.224165	48.264458	56.704522	0.082834	40.936443	58.980723
오후 4:48:48.830 	46.739169	38.600425	5.599770	2.072032	1.588358	47.950975	37.606628	5.519401	1.809945	1.433610	71.326469	48.866373	57.495841	0.159867	40.515679	59.324454
오후 4:48:49.797 	46.600681	38.563806	5.615114	2.089558	1.657086	47.834064	37.558281	5.533463	1.822715	1.474832	71.177016	49.332652	57.885591	0.173781	40.479431	59.346789
오후 4:48:50.782 	46.855528	38.255983	5.412675	1.990554	1.575662	48.041905	37.237755	5.339278	1.737934	1.408188	71.153464	49.459444	58.047728	0.129107	43.660831	56.210062
오후 4:48:51.784 	47.160442	38.498034	5.299020	1.978485	1.561897	48.439513	37.488337	5.208960	1.701152	1.384538	71.153464	49.459444	57.496520	0.112146	43.619293	56.268562
오후 4:48:52.818 	47.405453	38.749206	5.264459	1.971911	1.606295	48.811930	37.636520	5.134857	1.687706	1.386590	71.040634	49.882271	57.588754	0.100699	44.016149	55.883152
오후 4:48:53.797 	44.995450	39.469510	5.520985	2.091201	1.732293	46.219405	38.520838	5.287708	1.818894	1.482724	70.897050	51.351726	57.979702	0.073593	41.946967	57.979440
오후 4:48:54.805 	45.754795	38.308387	6.235206	2.723078	1.740995	46.813374	37.805884	6.249206	2.348870	1.468880	71.197098	60.149581	71.890483	0.323671	40.159271	59.517059
오후 4:48:55.812 	45.901343	40.518126	4.994457	1.941657	1.444277	46.883987	40.268244	4.917209	1.492284	1.049202	71.192315	60.115076	76.583189	1.222568	45.145706	53.631726
오후 4:48:56.795 	45.685036	40.528258	5.014385	2.004307	1.531996	46.682846	40.328216	4.936511	1.530110	1.098403	71.238322	59.851362	76.165705	1.279603	49.047651	49.672746
오후 4:48:57.806 	46.464467	40.069625	5.001639	2.034323	1.563574	47.240595	40.075912	4.934833	1.549762	1.111637	71.082495	58.370204	76.678357	1.772479	45.579010	52.648511
