Time	Fp1_Delta(%)	Fp1_Theta(%)	Fp1_Alpha(%)	Fp1_Beta(%)	Fp1_Gamma(%)	Fp2_Delta(%)	Fp2_Theta(%)	Fp2_Alpha(%)	Fp2_Beta(%)	Fp2_Gamma(%)	Heartbeat(bpm)	SDNN(ms)	RMSSD(ms)	VLF(%)	LF(%)	HF(%)
오후 5:14:24.503 	47.570696	31.464017	11.986638	3.639603	2.099913	40.553625	34.666935	10.005166	6.010703	3.431972	78.764052	52.718848	31.157915	6.299811	67.331129	26.369060
오후 5:14:25.537 	47.697121	31.420394	11.964058	3.628948	2.106023	40.589838	34.627456	9.992874	5.999139	3.443277	78.837488	52.646364	31.604562	6.078743	67.185102	26.736155
오후 5:14:26.555 	47.501220	31.947114	11.819921	3.588848	2.075815	40.315179	35.102351	9.895445	5.936869	3.415372	78.863773	52.518427	31.591854	5.061748	70.350095	24.588158
오후 5:14:27.474 	47.690939	31.796754	11.856437	3.579641	2.073015	40.556571	34.914374	9.927346	5.919431	3.437417	78.916394	52.277078	31.569603	3.856100	72.636607	23.507293
오후 5:14:28.473 	47.226962	31.966187	11.993141	3.598508	2.082988	39.497250	35.510064	10.109597	6.031620	3.452677	78.753697	53.554038	32.484372	2.962717	72.121723	24.915560
오후 5:14:30.079 	47.363759	32.186984	11.885378	3.517169	2.011618	39.151684	36.214685	10.087960	5.908543	3.374980	78.737767	54.554313	32.605151	2.080674	68.138232	29.781095
오후 5:14:31.121 	47.553566	32.064249	11.908709	3.499065	1.981323	38.982579	36.260350	10.123888	5.956404	3.391340	78.743009	54.530649	33.480124	1.362967	69.673955	28.963078
오후 5:14:31.863 	35.296460	40.165146	13.974881	4.519163	2.174076	29.195068	41.934361	11.479241	6.860247	3.603418	78.732526	54.544801	33.142602	0.876299	73.122728	26.000973
오후 5:14:32.535 	33.200500	40.186841	9.707355	6.325122	4.792917	37.570380	37.302954	9.175876	6.212358	4.866897	78.914504	54.436803	33.386888	0.640055	72.122748	27.237197
오후 5:14:33.436 	39.796568	37.154630	8.679699	5.490914	4.548266	40.077874	37.798937	7.684216	5.531201	4.890318	79.164659	55.398681	32.261588	1.299770	72.230175	26.470056
오후 5:14:34.427 	42.113809	38.260541	6.750914	4.714127	4.738349	41.610313	37.821200	6.619392	5.081797	5.130142	79.527381	55.438676	32.772858	1.906412	70.625213	27.468375
오후 5:14:35.393 	42.449776	38.385860	6.514032	4.532126	4.733328	41.666136	37.981799	6.550715	4.986286	5.106102	79.686066	54.677302	32.383560	2.202612	70.973559	26.823829
오후 5:14:36.474 	42.671523	37.820149	6.687797	4.641720	4.693840	41.233001	37.929298	6.680529	5.177767	5.182264	79.733795	54.487744	32.581832	1.957967	72.650846	25.391187
오후 5:14:37.470 	42.408196	37.821247	6.847306	4.760214	4.594602	40.710492	37.881986	7.269286	5.142403	4.992022	79.633101	55.314346	32.352949	1.774886	72.489100	25.736014
오후 5:14:38.405 	42.417959	38.073845	6.971120	4.551458	4.523263	40.732970	38.752951	6.764242	5.035830	4.906051	79.479899	55.772643	32.356011	1.681379	72.198940	26.119681
오후 5:14:39.421 	43.284232	37.233499	6.908930	4.559844	4.322369	42.233489	37.092084	6.927286	5.034547	4.766336	79.306282	56.475488	32.097749	1.446997	76.244671	22.308332
오후 5:14:40.390 	42.458466	38.421337	6.863416	4.413132	4.201216	41.609090	37.979767	6.899855	4.924963	4.682653	79.185860	57.553032	32.239799	1.751836	82.782319	15.465845
오후 5:14:41.440 	42.718457	38.361334	6.914870	4.304966	4.037596	41.740114	38.003540	6.960758	4.828551	4.585132	79.085256	58.369305	32.140004	2.269817	82.091946	15.638237
오후 5:14:42.424 	43.084916	38.230903	6.812937	4.281488	4.034125	42.029797	37.974488	6.785008	4.844297	4.630888	78.971722	58.357376	32.303911	2.362452	81.889419	15.748129
오후 5:14:43.435 	43.308190	37.986151	6.750323	4.164868	4.049930	42.478170	37.677413	6.816611	4.657909	4.601255	78.869032	59.024445	32.061824	2.746519	80.877816	16.375665
오후 5:14:44.421 	43.616849	37.934623	6.766706	4.084691	3.989560	42.518742	37.811489	6.791080	4.591067	4.543242	78.826979	59.274128	32.071215	3.700866	79.847242	16.451891
오후 5:14:45.485 	42.897529	38.237694	6.766543	4.045606	3.937992	41.941788	38.009899	6.791727	4.585518	4.456678	78.795470	59.418326	32.096246	5.188845	80.567099	14.244057
오후 5:14:46.488 	44.317345	37.321875	6.746950	3.986270	3.903852	43.258912	37.226050	6.721997	4.574064	4.339681	78.790221	59.470875	32.140004	5.653685	81.623919	12.722396
오후 5:14:47.478 	44.975706	37.071147	6.521681	3.896767	3.839235	43.992050	37.002644	6.458918	4.495557	4.228271	78.805970	59.353564	32.227341	6.126869	81.069427	12.803705
오후 5:14:48.425 	45.157031	36.970938	6.447540	3.867916	3.795598	44.280433	36.828697	6.371868	4.407205	4.187868	78.811221	59.331243	32.077475	6.355828	80.484669	13.159503
오후 5:14:49.432 	45.482274	36.457176	6.569949	3.899527	3.791730	44.348796	36.566619	6.453201	4.423984	4.181342	78.914504	58.639303	32.487422	7.461918	78.259109	14.278974
오후 5:14:50.532 	44.877725	36.917230	6.682235	3.833347	3.738947	43.597836	37.198270	6.620106	4.353325	4.104436	78.888523	58.821961	32.417199	8.544337	75.968856	15.486807
오후 5:14:51.478 	44.824440	37.095302	6.726498	3.781801	3.682053	43.620196	37.241370	6.695089	4.297968	4.086088	79.042973	58.461479	32.305121	9.929951	74.756814	15.313234
오후 5:14:52.443 	44.584983	36.737028	6.830284	3.897889	3.823336	43.246119	37.094497	6.764207	4.413959	4.241598	78.911129	58.890307	33.635679	10.742693	76.029850	13.227457
오후 5:14:53.480 	45.426195	36.854749	6.522160	3.695605	3.588201	44.283236	37.044193	6.432766	4.169199	4.013446	78.681290	59.669998	31.964736	10.818083	76.021215	13.160702
오후 5:14:54.444 	45.159645	36.786373	6.610619	3.823487	3.614311	44.279240	36.924888	6.488335	4.203312	4.007515	78.388123	58.624225	31.467683	10.668223	75.071404	14.260373
오후 5:14:55.544 	46.236092	35.947886	6.333700	3.852138	3.642413	45.354367	35.914808	6.309767	4.291213	4.067559	78.186025	58.127757	31.493194	10.648299	75.088888	14.262813
오후 5:14:56.499 	46.830343	36.129886	6.053589	3.593539	3.320939	45.554078	36.224511	6.134963	4.118947	3.786481	77.860335	56.763422	31.647858	10.574457	74.855392	14.570151
오후 5:14:57.524 	32.361846	38.420343	14.672890	3.107487	2.060200	41.794745	35.858613	9.854056	3.888348	3.407301	77.779824	55.664912	32.149373	10.938343	74.918203	14.143454
오후 5:14:58.508 	38.968771	36.771642	13.348317	2.703425	1.781517	48.942808	30.715402	8.891848	3.477074	3.064641	77.513944	52.415811	32.337837	11.116393	74.102935	14.780673
오후 5:14:59.503 	39.199094	36.572341	13.348827	2.723161	1.782317	48.620218	30.825794	8.885764	3.502845	3.185439	77.395744	50.616483	32.366136	11.762293	74.050734	14.186973
오후 5:15:00.535 	39.273490	36.656348	13.359190	2.677366	1.728665	48.813976	30.872312	8.906208	3.450877	3.094030	77.288136	48.882234	32.312661	12.901013	73.154154	13.944833
오후 5:15:01.495 	39.479258	36.528938	13.337923	2.665256	1.682048	49.009606	30.772921	8.859961	3.458700	3.090323	77.231889	48.407951	32.902283	13.002361	73.135763	13.861876
오후 5:15:02.517 	39.501087	36.824420	13.221906	2.606948	1.615757	49.309416	30.977173	8.704725	3.308746	2.928631	76.979619	47.008245	33.245018	13.842679	73.780872	12.376449
오후 5:15:03.472 	39.470744	36.865353	13.215241	2.596133	1.591173	49.227630	31.043462	8.702578	3.313795	2.915574	76.866618	47.231599	33.045944	11.292988	75.207325	13.499687
오후 5:15:04.504 	39.010335	37.456663	13.340080	2.576140	1.572188	49.135083	31.353202	8.702124	3.282933	2.843625	76.749507	47.642767	33.071891	10.698678	76.151501	13.149821
오후 5:15:05.531 	39.729538	36.960120	13.248235	2.531870	1.520092	49.936845	30.834336	8.662236	3.180690	2.773695	76.861489	47.630109	33.605901	11.252064	74.654989	14.092947
오후 5:15:06.516 	40.150993	36.282115	13.314399	2.522842	1.504406	50.486783	30.055750	8.735896	3.166167	2.775353	76.917941	47.451990	33.569066	11.681649	73.681219	14.637132
오후 5:15:07.514 	40.031254	36.119028	13.451776	2.534581	1.511342	50.337178	30.016187	8.893253	3.202546	2.796957	76.953908	47.395582	33.492196	11.681709	73.837370	14.480921
오후 5:15:08.503 	39.846197	36.126322	13.509216	2.540713	1.477106	50.286720	29.917624	8.915533	3.229186	2.759240	76.926524	47.123422	32.976401	11.783816	73.849783	14.366401
오후 5:15:09.542 	39.474828	36.746248	13.347733	2.490912	1.451736	49.854849	30.864663	8.701817	3.141422	2.692688	76.923077	47.370168	32.952214	11.931193	73.937113	14.131695
오후 5:15:10.571 	39.046529	36.798783	13.527199	2.536518	1.473967	49.407881	30.983562	8.874281	3.212840	2.718629	76.825609	47.756757	33.498352	11.996463	73.726147	14.277390
오후 5:15:11.544 	39.418355	36.617074	13.425449	2.469843	1.430120	49.690158	31.009140	8.743159	3.128249	2.645389	76.733498	48.600073	33.559851	11.461394	74.080235	14.458371
오후 5:15:12.542 	39.438962	36.638319	13.403515	2.451008	1.419994	49.833632	30.955994	8.692682	3.113860	2.603832	76.573303	49.304149	34.107625	11.556442	74.679399	13.764159
오후 5:15:13.608 	39.022223	36.760213	13.649624	2.489805	1.433448	49.076589	31.109379	8.936296	3.138648	2.619990	76.478789	50.712336	34.268180	11.765802	75.304661	12.929537
오후 5:15:14.562 	39.062391	36.820678	13.630732	2.427264	1.394474	49.232268	31.170235	8.904456	3.045918	2.511742	76.402706	51.171351	34.385316	12.101388	75.191927	12.706685
오후 5:15:15.604 	38.988810	37.028646	13.646570	2.386115	1.363684	48.896083	31.585804	9.013984	2.922794	2.412431	76.321717	51.993447	34.490099	12.273424	75.089443	12.637132
오후 5:15:16.604 	39.313902	36.934290	13.428371	2.336651	1.332676	49.269160	31.666599	8.695530	2.831742	2.347335	76.240900	52.726880	34.385316	13.100978	73.880194	13.018828
오후 5:15:17.541 	39.345167	36.956667	13.421137	2.333992	1.307717	49.266993	31.655413	8.695450	2.861636	2.347496	76.248742	53.019062	34.677341	13.658580	72.991391	13.350029
오후 5:15:18.562 	39.195327	36.901840	13.675004	2.385391	1.316364	49.380740	31.344522	9.057649	2.938121	2.379796	76.074754	53.410114	34.704659	17.309662	69.445112	13.245226
오후 5:15:19.539 	42.124348	35.489499	12.802865	2.193787	1.221791	53.000483	29.589167	8.023068	2.583407	2.115196	76.039604	53.424885	34.867669	18.968736	68.186925	12.844339
오후 5:15:20.629 	42.305477	34.949406	13.018712	2.226689	1.231806	54.003118	28.381771	8.201998	2.599738	2.160731	75.867040	53.906751	35.351910	21.055566	66.590071	12.354362
오후 5:15:21.583 	42.460081	34.847535	12.964522	2.229991	1.206907	54.136431	28.316494	8.138028	2.585233	2.102964	75.720472	53.550756	35.209720	23.863599	63.322229	12.814172
오후 5:15:22.581 	41.303581	35.395385	13.121870	2.275080	1.229461	53.281400	28.684030	8.338241	2.642016	2.158529	75.574468	52.227299	35.387368	25.463380	61.474821	13.061799
오후 5:15:23.600 	42.328442	34.685798	13.118885	2.216327	1.179310	54.436735	27.935992	8.270047	2.524446	2.061342	75.184548	50.555303	35.387368	26.742670	60.224247	13.033083
오후 5:15:24.551 	41.617770	35.397798	13.035110	2.173274	1.138762	53.339034	29.396365	8.207997	2.450478	2.003822	75.124917	50.586136	35.413939	29.240265	57.796262	12.963472
오후 5:15:25.620 	42.473132	34.775247	13.008236	2.128877	1.112830	54.577065	28.343368	8.209568	2.410017	1.947817	75.010889	51.142384	35.742940	30.225287	57.021545	12.753168
오후 5:15:26.592 	44.662016	33.014419	12.637977	2.075055	1.081831	57.246395	26.440213	7.852853	2.282960	1.879841	74.956882	51.427155	34.877852	30.504986	56.705545	12.789469
오후 5:15:27.589 	44.866306	32.719403	12.641072	2.051583	1.067619	57.444367	26.046058	7.904225	2.280130	1.842386	75.082362	51.039000	36.181168	30.462649	56.735927	12.801424
오후 5:15:28.568 	44.926461	32.651857	12.649393	2.090980	1.072739	57.819086	25.607626	7.840220	2.300377	1.856660	75.164661	50.429881	36.051552	30.551090	56.330593	13.118317
오후 5:15:29.575 	44.240497	33.171907	12.769345	2.051036	1.072592	57.273492	25.814614	8.014179	2.329806	1.903810	75.199471	50.626909	36.051552	30.910200	55.558400	13.531399
오후 5:15:30.647 	44.302611	33.159942	12.763025	2.042786	1.059755	57.427974	25.803029	7.953448	2.305022	1.898754	75.067283	50.267964	36.298127	30.872025	55.581047	13.546928
오후 5:15:31.630 	44.323368	33.169292	12.763109	2.031101	1.050636	57.455801	25.796813	7.961893	2.300075	1.880212	74.951533	48.627396	35.719541	31.436538	55.486257	13.077206
오후 5:15:32.650 	44.313299	33.129244	12.734089	2.034628	1.044112	57.428917	25.762155	7.904282	2.314277	1.876959	74.769109	45.728712	35.699054	29.793120	56.480917	13.725962
오후 5:15:33.597 	44.039127	33.318578	12.782534	2.087822	1.062185	57.046981	26.062397	7.996581	2.411418	1.925736	74.340648	41.522119	36.440891	26.572090	58.739667	14.688243
오후 5:15:34.630 	43.948065	33.565427	12.774320	2.064707	1.055418	56.979516	26.287739	7.944490	2.338775	1.894922	74.139117	41.228688	36.207517	20.394057	62.840957	16.764986
오후 5:15:35.645 	44.002059	33.505085	12.771878	2.068404	1.050847	57.044973	26.206278	7.940958	2.353424	1.901372	73.964687	41.912945	35.924222	16.783761	67.505269	15.710970
오후 5:15:36.640 	43.968526	33.546610	12.771909	2.065807	1.050392	56.989812	26.236066	7.938398	2.367754	1.902445	73.915252	42.435972	35.948143	12.505992	71.643904	15.850104
오후 5:15:37.626 	43.929452	33.788660	12.754441	2.047241	1.048611	56.893359	26.472535	7.924159	2.361612	1.895809	73.826435	43.611100	36.046652	8.171617	75.439859	16.388524
오후 5:15:38.627 	43.418667	34.241933	12.852091	2.075031	1.062862	56.004364	27.113738	8.043714	2.434501	1.944916	73.753864	43.929769	36.883105	5.099605	77.872284	17.028111
오후 5:15:39.628 	43.593115	33.909684	12.943885	2.107600	1.085547	56.493979	26.639972	8.112048	2.494031	1.994936	73.742749	44.612532	36.991189	3.421085	77.249181	19.329734
오후 5:15:40.692 	43.051330	34.425907	13.034364	2.160923	1.118772	55.654726	27.218725	8.289281	2.588019	2.046451	73.708344	44.752583	36.825236	2.584875	77.354241	20.060884
오후 5:15:41.648 	43.316427	34.346819	12.905542	2.122236	1.148267	55.640638	27.187840	8.104866	2.622326	2.232988	73.728000	44.989400	37.804342	2.579394	77.844336	19.576270
오후 5:15:42.617 	43.868586	34.103503	12.696088	2.152893	1.149457	56.057185	27.096133	7.864051	2.656410	2.291020	73.831566	45.168586	37.670511	3.067047	78.199858	18.733095
오후 5:15:43.690 	44.069746	33.693414	12.809564	2.137255	1.165438	56.473495	26.506614	7.932441	2.715364	2.413884	73.919177	45.915559	38.048359	3.101771	78.147031	18.751198
오후 5:15:44.749 	43.975369	33.716250	12.854015	2.140745	1.175894	56.363074	26.457536	7.974558	2.750069	2.460584	74.019142	47.711115	38.315368	2.624717	78.310037	19.065246
오후 5:15:45.757 	42.976813	34.065464	13.115816	2.257092	1.236251	55.271802	26.822817	8.263483	2.954193	2.598619	74.031427	47.361255	38.678122	2.505520	78.794540	18.699940
오후 5:15:46.718 	43.239109	33.981658	13.060587	2.213795	1.220793	55.801638	26.511525	8.124020	2.924658	2.614411	73.953304	47.747082	39.418947	2.513254	78.809492	18.677254
오후 5:15:47.720 	43.011554	34.117961	13.211243	2.239705	1.220137	55.437595	26.553550	8.271562	3.008837	2.715502	73.812126	48.715862	39.181676	3.206110	78.554650	18.239240
오후 5:15:48.759 	42.802244	34.136524	13.306075	2.321267	1.233943	55.002791	26.530154	8.497990	3.136511	2.734695	73.615123	48.017186	39.366664	3.470894	78.758612	17.770494
오후 5:15:49.684 	43.139417	34.092849	13.193061	2.276817	1.225914	55.390010	26.620051	8.287015	3.090463	2.769960	73.531915	48.601722	38.747631	4.407128	79.867479	15.725393
오후 5:15:50.755 	43.038885	33.674911	13.269533	2.421471	1.268037	55.761197	25.626605	8.363867	3.350977	2.867621	73.380665	48.243424	37.530477	5.387007	78.275644	16.337349
오후 5:15:51.758 	43.570722	33.566117	13.224596	2.269883	1.243085	56.439733	25.534839	8.142937	3.223549	2.938471	73.405018	48.269805	38.421792	3.737260	82.347376	13.915363
오후 5:15:52.739 	42.241612	34.213863	13.439670	2.555022	1.312566	54.556260	26.197823	8.533067	3.563005	3.066026	73.390404	48.366269	38.365816	4.569367	81.946347	13.484286
오후 5:15:53.718 	43.015730	34.023216	13.366863	2.309135	1.241272	55.478523	25.969549	8.235161	3.404523	3.039149	73.361194	48.437311	38.365816	7.097706	72.486288	20.416006
오후 5:15:54.669 	43.338659	33.619471	13.485061	2.394537	1.258881	55.074797	26.204798	8.412608	3.477719	3.054729	73.351462	48.469345	38.365816	7.397809	71.930221	20.671971
오후 5:15:55.727 	43.358055	33.901926	13.230152	2.343266	1.238275	55.080504	26.531840	8.099842	3.415085	3.079993	73.283414	48.994149	38.424589	7.954768	72.625090	19.420142
오후 5:15:56.676 	45.853917	31.140360	13.318857	2.336559	1.196885	53.412765	26.831531	8.943288	3.755924	3.227538	73.025311	48.779859	38.127767	8.126092	72.309041	19.564867
오후 5:15:57.691 	46.789464	33.172445	9.005566	4.520529	2.479290	49.698208	31.542147	6.171646	4.844777	4.138138	72.830239	47.764783	38.127767	8.552957	74.836429	16.610614
오후 5:15:58.701 	52.019987	31.001293	6.988517	3.988588	2.274290	49.871752	30.798509	6.582332	5.093182	4.205693	72.585981	47.551220	38.309759	8.709225	75.351772	15.939003
오후 5:15:59.700 	55.350006	30.836233	5.907948	2.911392	2.062667	54.162370	29.445684	5.067537	4.532756	4.042805	72.212952	44.740240	37.757209	8.695103	73.978765	17.326131
오후 5:16:00.766 	56.130137	30.918334	5.437158	2.669310	1.974202	53.874906	29.888384	5.018550	4.425049	3.990056	72.060262	44.281134	37.371315	8.785666	73.267293	17.947041
오후 5:16:01.709 	56.876301	30.443950	5.380704	2.626946	1.961243	54.656192	29.269609	4.959647	4.403957	4.026266	71.988910	44.372561	37.312940	8.535294	71.389344	20.075361
오후 5:16:02.740 	56.146021	30.731082	5.492299	2.729269	2.068173	53.967574	29.301281	5.094683	4.619262	4.233210	71.958239	44.887701	37.242473	8.818869	70.209877	20.971254
오후 5:16:03.732 	56.219400	30.660886	5.503996	2.721531	2.059564	54.003185	29.267202	5.096960	4.600900	4.231694	71.900495	44.855597	36.929418	9.407625	71.734577	18.857798
오후 5:16:04.731 	53.745815	32.752624	5.520892	2.857120	2.123858	51.829227	31.059353	5.140174	4.701070	4.250937	71.823647	44.080368	37.063908	9.295684	71.671400	19.032916
오후 5:16:05.763 	55.483920	31.430237	5.408762	2.765610	2.059122	53.327790	29.853652	5.003760	4.706943	4.239490	71.704912	43.221232	36.946010	9.148803	72.195808	18.655389
오후 5:16:06.752 	55.841699	30.692515	5.447669	2.925056	2.115508	53.541506	29.254481	5.049657	4.938645	4.289956	71.646565	43.003696	37.328473	8.720512	73.063284	18.216204
오후 5:16:07.762 	56.741971	30.205821	5.291496	2.858080	2.127242	54.383602	28.577196	4.918972	4.980621	4.377569	71.575023	42.927043	37.936675	8.630592	73.115240	18.254167
오후 5:16:08.729 	57.888347	28.910735	5.375073	2.893627	2.134425	55.162648	27.678278	4.942762	4.975282	4.397254	71.465603	42.418774	37.278084	8.522604	73.083488	18.393908
오후 5:16:09.736 	56.953209	29.525334	5.465854	3.004859	2.249900	54.033944	28.200580	5.048608	5.235604	4.630446	71.494115	42.540145	37.749678	9.019700	73.221287	17.759013
오후 5:16:10.827 	56.862783	29.183587	5.382831	3.076737	2.276644	53.925797	28.020021	4.952079	5.228790	4.716492	71.494115	42.446470	37.138415	7.996864	73.091911	18.911226
오후 5:16:11.834 	57.119808	29.162170	5.567196	3.120208	2.292262	54.144431	27.966760	5.084637	5.313036	4.723035	71.565495	42.542930	37.538194	5.674045	71.487891	22.838064
오후 5:16:12.816 	57.410942	29.312358	5.254697	3.028357	2.279650	54.422756	28.135152	4.807936	5.206064	4.691921	71.680000	42.848372	37.455627	4.880952	72.007742	23.111306
오후 5:16:13.805 	57.635105	28.460662	5.357786	3.236108	2.426956	54.913575	27.327641	4.865907	5.298320	4.790314	71.703901	42.867722	37.705717	2.513240	68.089096	29.397664
오후 5:16:14.842 	58.149927	28.465968	5.228181	3.116933	2.355137	54.924888	27.279018	4.849564	5.366747	4.822579	71.846630	43.422500	38.367137	2.194827	68.465525	29.339648
오후 5:16:15.827 	58.842968	27.707307	5.279440	3.226193	2.432820	55.274071	26.563354	4.949174	5.568144	4.988201	71.870304	43.303199	39.321130	1.249439	69.419227	29.331334
오후 5:16:16.830 	61.788682	25.738651	4.858906	2.999356	2.282104	58.221887	24.817381	4.602027	5.206659	4.671369	71.871658	43.514134	39.358592	1.189779	69.360647	29.449574
오후 5:16:17.832 	61.520327	26.075940	4.784363	2.946761	2.251601	58.023816	25.125429	4.544880	5.155782	4.566043	71.938980	43.982216	39.652474	1.410990	67.980866	30.608145
오후 5:16:18.838 	55.148432	31.223363	5.019828	3.137556	2.380625	51.568179	29.976297	4.798988	5.537647	4.866019	71.917700	43.536539	39.368223	1.829918	67.959880	30.210202
오후 5:16:19.766 	55.463282	28.956236	6.229824	3.608342	2.558775	51.239925	28.112949	5.998525	6.198710	5.205831	71.998416	43.872117	39.657852	1.999010	68.077230	29.923760
오후 5:16:20.872 	61.313099	25.811700	4.868460	3.022575	2.252648	57.004309	25.444804	4.690740	5.392131	4.702745	72.122214	45.415196	39.945380	1.879986	66.539690	31.580324
오후 5:16:21.889 	61.350760	25.671615	4.820502	3.068725	2.327479	56.715098	25.345026	4.784843	5.398251	4.951922	72.371093	48.007455	39.285080	2.547918	67.210492	30.241591
오후 5:16:22.930 	60.751514	25.567682	4.835789	3.384913	2.548618	56.004843	25.086845	4.827401	5.811449	5.308754	72.467274	48.737356	39.271206	2.676370	67.622237	29.701394
오후 5:16:23.931 	61.217277	25.371880	4.751495	3.305851	2.568201	56.253668	24.775330	4.751165	5.897842	5.424707	72.573368	49.885203	39.003862	2.805536	67.943740	29.250723
오후 5:16:24.887 	61.916494	24.260146	4.785590	3.567105	2.750051	56.985041	23.290867	4.769280	6.303313	5.780561	72.660404	49.768747	39.558789	2.823082	68.093857	29.083061
오후 5:16:25.871 	58.678366	26.417049	5.348517	3.796394	2.933975	53.817128	25.072492	5.442655	6.659310	5.995565	72.762682	49.788248	38.628197	2.828697	68.129291	29.042012
오후 5:16:26.844 	59.250874	25.690377	5.075818	3.959565	3.116094	53.737426	24.557760	5.048647	7.060819	6.520535	72.689462	49.637671	38.350088	2.272827	64.278185	33.448988
오후 5:16:27.835 	59.761965	25.710047	4.689045	3.905707	3.042076	54.062758	24.684219	4.743907	6.996739	6.441100	72.612025	49.184330	38.350088	2.391105	63.870666	33.738229
오후 5:16:28.827 	59.208708	25.936805	4.671584	3.976007	3.125567	53.290492	24.935230	4.780206	7.166649	6.617126	72.510638	48.511185	37.878254	2.654313	60.072475	37.273212
오후 5:16:29.855 	59.719433	25.158712	4.767167	4.233609	3.268821	53.314818	24.394088	4.893578	7.557885	6.822868	72.600276	48.885096	39.235423	1.360122	53.865908	44.773970
오후 5:16:30.880 	59.523686	25.843124	4.595312	4.040535	3.142913	53.469639	24.964607	4.707055	7.261813	6.637360	72.554055	49.040362	39.478808	1.582477	54.008784	44.408739
오후 5:16:31.882 	59.434819	25.871955	4.573514	4.064322	3.162930	53.368134	24.937162	4.679307	7.328249	6.722865	72.602357	49.510774	38.525890	1.324141	54.875742	43.800117
오후 5:16:32.838 	59.488134	25.812629	4.581399	4.052832	3.176190	53.391827	24.852384	4.674530	7.352048	6.783116	72.757355	49.558376	38.525890	1.023519	53.873764	45.102717
오후 5:16:33.808 	59.152826	26.439721	4.740836	3.978225	3.109033	53.213805	25.291341	4.816365	7.291002	6.703961	72.753108	49.104904	39.527383	1.240773	54.338373	44.420854
오후 5:16:34.837 	60.253787	25.739653	4.455448	3.883739	3.098329	53.995202	24.741570	4.579943	7.257023	6.738128	72.791417	48.720692	39.600716	1.360379	54.888658	43.750963
오후 5:16:35.880 	60.384980	25.580394	4.452629	3.906495	3.117547	54.153649	24.490984	4.565129	7.290493	6.809900	72.966680	47.950248	39.440139	1.273915	54.606280	44.119805
오후 5:16:36.820 	60.143390	25.793029	4.428979	3.906974	3.147279	53.839858	24.663774	4.543587	7.379972	6.887342	72.937400	48.125876	39.646857	1.867780	53.344742	44.787478
오후 5:16:37.864 	58.417965	27.241753	4.355645	3.916748	3.129807	52.374484	26.055700	4.453703	7.329423	6.852451	72.952037	47.949864	39.655103	3.072742	52.897183	44.030075
오후 5:16:38.839 	59.224778	26.590175	4.339792	3.920692	3.117627	52.930359	25.521470	4.447365	7.354263	6.889717	73.055886	47.316500	40.308047	3.794218	51.050392	45.155391
오후 5:16:39.858 	61.131150	25.196041	4.300754	3.907888	3.024242	54.995763	24.190917	4.395962	7.203100	6.699900	73.089683	47.243361	38.999178	5.385330	48.629854	45.984816
오후 5:16:40.883 	60.035449	25.612779	4.439890	4.013485	3.175177	53.392325	24.719792	4.557893	7.525226	7.057735	73.051060	46.796962	39.131212	5.631476	48.667216	45.701308
오후 5:16:41.846 	58.783809	25.672989	5.004164	4.518896	3.098552	53.362595	24.274773	4.690463	7.901599	6.888832	72.995984	46.775667	38.917140	5.395977	48.711377	45.892645
오후 5:16:42.841 	60.449800	25.422626	4.461788	3.928793	3.115136	54.063522	24.183485	4.457996	7.670876	6.880640	72.854566	45.940204	39.959020	5.553276	48.183903	46.262821
오후 5:16:43.840 	60.808665	25.314907	4.315392	3.916212	3.052536	54.243462	24.155018	4.408980	7.719844	6.739161	72.638424	43.871741	38.977129	5.687771	47.766592	46.545637
오후 5:16:44.879 	60.856166	25.320151	4.289020	3.917893	3.034631	54.329002	24.170452	4.370207	7.737563	6.693240	72.568539	43.692882	38.894729	5.849968	47.884097	46.265935
오후 5:16:45.938 	60.099615	26.267504	4.198578	3.748465	2.882437	53.869749	25.121360	4.272228	7.473408	6.409696	72.558882	43.795773	39.569808	6.196620	47.988976	45.814403
오후 5:16:46.887 	60.611374	25.949973	4.161022	3.682351	2.837018	54.246922	24.913601	4.275261	7.366081	6.411188	72.578198	43.469282	39.126621	5.859512	45.084310	49.056178
오후 5:16:47.859 	60.630385	25.931889	4.173597	3.670250	2.852283	54.265649	24.899055	4.269864	7.412837	6.379267	72.597524	43.401142	39.418025	6.216666	46.187516	47.595818
오후 5:16:48.895 	60.763124	25.894615	4.151862	3.615842	2.842513	54.438028	24.850180	4.227910	7.381714	6.351457	72.686165	42.789953	39.608855	6.066384	45.703866	48.229750
오후 5:16:49.872 	60.693305	25.371757	4.412893	3.801457	2.990667	54.193971	24.324251	4.456420	7.642068	6.604976	72.684617	42.815141	39.031796	5.955696	45.486785	48.557519
오후 5:16:50.927 	61.076453	25.255775	4.267224	3.759957	2.978646	54.574944	24.220284	4.318570	7.526232	6.619904	72.925816	51.445319	50.060912	5.885405	45.565972	48.548622
오후 5:16:51.904 	60.675505	25.858395	4.238685	3.730609	2.904060	54.387535	24.783341	4.283544	7.480134	6.441925	72.631369	43.266315	39.276756	5.643882	45.439872	48.916245
오후 5:16:52.872 	60.581869	26.084715	4.204610	3.685964	2.875982	54.369945	24.997408	4.273944	7.418993	6.342725	72.684617	43.371563	39.814196	6.334521	43.712977	49.952503
오후 5:16:53.923 	60.483093	26.072563	4.202960	3.725135	2.907091	54.195949	24.952381	4.272851	7.490616	6.426597	72.641044	43.692109	40.465863	5.744680	44.873970	49.381350
오후 5:16:54.928 	60.480626	25.037430	4.597446	3.924579	3.158249	53.899173	25.070243	4.494315	7.305297	6.256361	72.684617	43.038573	40.344477	5.826408	44.840201	49.333391
오후 5:16:55.982 	56.640585	29.335536	4.260253	3.552007	2.856246	53.194528	26.176528	5.089275	6.647309	5.754951	72.801068	42.813706	41.453077	6.638429	43.339418	50.022153
오후 5:16:57.017 	47.657887	29.306281	12.637076	3.530562	1.299586	43.208072	39.003091	5.893170	4.867699	3.750809	72.844833	42.603438	41.337228	6.501084	43.417259	50.081658
오후 5:16:58.029 	47.709741	30.471593	11.892276	3.226403	1.184080	43.860124	39.603303	5.577758	4.527553	3.483608	72.913017	41.570931	41.466222	6.451355	43.436253	50.112392
오후 5:16:59.075 	48.234219	30.097822	11.851677	3.202642	1.168944	43.809717	39.542439	5.607729	4.547600	3.533239	73.060712	40.417163	41.653197	6.985856	43.140358	49.873787
오후 5:17:00.060 	48.236465	30.050683	11.849999	3.215686	1.185721	43.834668	39.503352	5.616997	4.541811	3.525136	73.123512	39.765294	42.114998	7.095869	43.146436	49.757696
오후 5:17:01.132 	47.579356	30.414653	12.074588	3.337772	1.252540	43.505933	39.552826	5.837741	4.628778	3.583903	73.191264	39.381977	42.176189	7.196779	43.116384	49.686837
오후 5:17:02.113 	47.709873	30.835298	11.871441	3.259115	1.205205	43.751197	40.030573	5.635616	4.463128	3.428062	73.302844	39.155575	42.298307	7.322746	43.178230	49.499024
오후 5:17:03.046 	47.723377	30.813231	11.873899	3.265299	1.219700	43.724685	40.028211	5.629535	4.504730	3.432812	73.319887	39.367521	43.173720	7.375447	43.262165	49.362387
오후 5:17:04.021 	47.724487	30.798870	11.886194	3.267533	1.225571	43.712921	39.999466	5.654727	4.499322	3.455557	73.312562	39.451153	43.759234	7.382768	43.203442	49.413789
오후 5:17:05.011 	47.547139	30.512466	12.009310	3.337995	1.261953	43.437402	39.876125	5.752229	4.585745	3.529663	73.351462	39.252726	43.381897	7.379877	42.534374	50.085749
오후 5:17:06.076 	47.520219	30.513666	11.997065	3.321788	1.266838	43.446628	39.858189	5.732091	4.566042	3.553305	73.283414	39.443889	42.946237	7.410589	42.497308	50.092103
오후 5:17:07.056 	47.527445	30.495379	12.001559	3.328437	1.283695	43.467417	39.860410	5.733636	4.537423	3.560034	73.327145	39.100841	43.066171	7.303974	41.488803	51.207223
오후 5:17:08.029 	47.507533	30.498623	12.007521	3.333582	1.292275	43.473263	39.880134	5.747219	4.510902	3.552364	73.423551	39.121717	43.161095	8.178242	40.484771	51.336988
오후 5:17:08.988 	47.329459	30.355387	12.093168	3.387554	1.307094	43.051781	39.955509	5.861077	4.593621	3.577194	73.375796	39.018461	43.223079	9.071262	37.855621	53.073118
오후 5:17:09.962 	47.390357	30.302477	12.081456	3.357382	1.307985	43.172852	39.951777	5.791647	4.529417	3.567377	73.458652	38.991792	43.352163	8.767980	38.287050	52.944970
오후 5:17:10.981 	47.288243	30.393734	12.244568	3.395396	1.310359	42.937997	40.158380	5.905888	4.604835	3.567988	73.448894	38.968513	43.384374	9.027575	37.949698	53.022726
오후 5:17:11.974 	46.763047	30.508179	12.432517	3.539989	1.361021	42.392389	40.147450	6.148273	4.772064	3.623521	73.361194	38.943688	43.332329	9.580359	37.986067	52.433574
오후 5:17:13.015 	46.706662	30.823925	12.310678	3.388423	1.307935	42.233632	40.768947	6.007218	4.581035	3.523525	73.310030	39.780561	42.912910	9.627273	37.043155	53.329572
오후 5:17:13.960 	46.892122	30.708364	12.271654	3.379676	1.309325	42.399992	40.654796	5.973511	4.589028	3.524113	73.259141	38.891571	42.338934	8.738378	36.678106	54.583517
오후 5:17:14.965 	46.915778	30.692363	12.270444	3.379286	1.316597	42.474860	40.644197	5.953555	4.559901	3.518518	73.249437	38.972381	42.521278	8.515294	36.643995	54.840711
오후 5:17:16.006 	45.522452	31.651510	12.601323	3.478326	1.361990	40.619262	41.935640	6.227110	4.707895	3.636201	73.210645	39.290919	42.114998	8.431545	36.611767	54.956687
오후 5:17:16.975 	45.632753	31.405355	12.650611	3.485429	1.345732	40.776036	41.859913	6.161960	4.702053	3.618299	73.187034	39.312424	42.548165	7.106699	35.452139	57.441162
오후 5:17:18.007 	45.085324	31.641417	12.759042	3.582983	1.385051	39.936975	42.229422	6.329633	4.864679	3.679423	73.216516	39.340060	42.239654	7.606203	34.561688	57.832108
오후 5:17:19.016 	44.209150	31.775531	12.947257	3.595353	1.375372	38.938785	42.865178	6.366416	4.815587	3.690369	73.046235	39.756285	42.247467	7.614709	34.536562	57.848729
오후 5:17:20.003 	42.179497	33.406907	13.164856	3.728346	1.425390	35.578522	45.639509	6.576525	5.063736	3.872110	72.930625	38.377329	42.513696	7.626056	34.290770	58.083174
오후 5:17:21.034 	42.371763	32.846413	13.554878	3.820907	1.476488	35.416791	45.340696	6.761932	5.263211	4.061729	72.752502	35.721702	42.897668	7.671378	34.573494	57.755127
오후 5:17:22.079 	42.355560	32.924309	13.585899	3.770805	1.445524	35.373838	45.709306	6.689309	5.221408	3.855551	72.660404	34.810295	43.140889	6.646947	32.100009	61.253043
오후 5:17:23.014 	42.359378	32.928076	13.575644	3.753274	1.408427	35.415290	45.776896	6.693903	5.187642	3.747196	72.581217	33.374612	42.858574	7.146638	29.094107	63.759255
오후 5:17:24.000 	42.676659	33.055124	13.431554	3.697528	1.383873	36.098024	45.728429	6.604221	4.957128	3.607947	72.534752	33.410688	42.950991	6.737646	26.457798	66.804556
오후 5:17:25.024 	42.677304	33.053067	13.436535	3.679258	1.379996	36.096797	45.777807	6.602864	4.934146	3.568800	72.443204	32.735160	42.560971	5.642739	27.836806	66.520455
오후 5:17:26.050 	42.689905	33.054111	13.449271	3.685386	1.379390	36.115048	45.827141	6.623670	4.901004	3.509153	72.390309	32.982856	42.601924	5.589091	27.976988	66.433921
오후 5:17:27.023 	42.582757	33.210477	13.342738	3.658486	1.360217	36.059726	45.948856	6.557821	4.823693	3.448409	72.409535	33.013373	42.958603	7.540503	23.133465	69.326032
오후 5:17:28.006 	42.355383	33.165486	13.500990	3.734718	1.396114	35.907073	45.792844	6.782470	4.886165	3.442484	72.347088	32.052962	41.733461	7.547844	23.124333	69.327823
오후 5:17:29.054 	42.485465	33.198845	13.453674	3.693917	1.383877	36.069954	45.935936	6.643614	4.816695	3.393873	72.270378	32.224151	41.827373	7.784327	23.324182	68.891491
오후 5:17:30.015 	42.533645	33.168661	13.470285	3.680736	1.381320	36.272931	45.978262	6.624888	4.683477	3.350243	72.260800	32.148986	42.076781	8.773626	25.463083	65.763292
오후 5:17:31.095 	42.105187	33.266201	13.710563	3.776776	1.407590	35.196852	46.603251	6.847089	4.835359	3.393156	72.193830	31.218349	42.084551	8.696243	25.182331	66.121425
오후 5:17:32.038 	41.425714	34.057474	13.482572	3.724446	1.392728	34.244542	47.847980	6.676757	4.618289	3.234734	72.103004	30.308591	41.235420	6.250781	21.248093	72.501126
오후 5:17:33.037 	41.552885	33.959298	13.439052	3.705166	1.377581	34.633737	47.492424	6.684490	4.566211	3.170171	72.217734	31.051206	42.519978	7.338048	20.850028	71.811924
오후 5:17:34.041 	41.611200	33.614969	13.584816	3.874386	1.526748	34.542169	47.104466	6.805743	4.949058	3.338370	72.318302	31.785855	42.172513	7.868204	21.204861	70.926935
오후 5:17:35.054 	41.601617	33.548393	13.581428	3.893288	1.630789	34.567672	47.149936	6.763688	4.888586	3.423003	72.356688	32.348057	41.665504	8.814758	22.754927	68.430315
오후 5:17:36.095 	41.632886	33.591831	13.437570	3.855434	1.644086	34.873073	46.890230	6.664593	4.784562	3.383907	72.748323	39.956245	42.609635	11.318193	30.517441	58.164366
오후 5:17:37.081 	41.607029	33.492646	13.401708	3.939949	1.731705	34.882512	46.780106	6.658941	4.789314	3.445360	72.961798	44.069995	41.900271	11.859128	33.196263	54.944609
오후 5:17:38.064 	41.382191	33.378532	13.548515	4.027696	1.781456	34.508553	46.680105	6.762644	4.936535	3.509526	73.351462	51.005732	41.614482	14.991173	39.685318	45.323509
오후 5:17:39.075 	41.409135	33.726745	13.396246	3.956513	1.767144	34.975848	46.853336	6.619620	4.764675	3.408689	73.517251	53.408420	41.529182	17.210149	41.648279	41.141572
오후 5:17:40.127 	41.315584	34.112297	13.333371	3.974574	1.776667	34.711156	47.243573	6.653403	4.836129	3.416926	73.836428	57.946266	41.416690	20.564555	40.128971	39.306474
오후 5:17:41.179 	41.120511	34.570985	13.230816	3.929271	1.773073	34.438567	47.858218	6.548514	4.729083	3.387830	73.969634	59.169195	40.650491	21.828675	39.312633	38.858692
오후 5:17:42.159 	41.361822	34.359132	13.160294	3.937890	1.801816	34.906318	47.406252	6.493418	4.733836	3.433841	74.118357	59.543336	40.779812	25.307816	37.838010	36.854174
오후 5:17:43.137 	41.369848	34.318052	13.131097	3.947862	1.881453	34.873293	47.418444	6.465616	4.705724	3.529553	74.360369	60.072438	39.984772	25.877772	36.580261	37.541967
오후 5:17:44.105 	41.311607	34.303979	13.117497	3.978466	1.912174	34.836145	47.340148	6.449252	4.752414	3.570201	74.385034	60.143437	39.443133	24.704484	35.771207	39.524309
오후 5:17:45.089 	40.955052	35.051909	12.753480	3.878584	1.868657	35.235695	47.349449	6.262394	4.437988	3.299310	74.498704	59.723422	39.418947	26.028999	34.431555	39.539446
오후 5:17:46.115 	41.487829	34.658201	12.704424	3.922133	1.892512	35.931980	46.826564	6.131109	4.443418	3.287091	74.715046	59.110545	38.909697	26.019315	33.979800	40.000884
오후 5:17:47.159 	41.320545	34.650655	12.686618	3.964607	2.017871	35.788372	46.826701	6.096995	4.471603	3.456707	74.781913	59.515107	38.697295	26.289885	32.655712	41.054403
오후 5:17:48.180 	41.366656	34.619805	12.675491	3.979711	2.037787	35.883860	46.789072	6.083126	4.476749	3.444174	74.841810	59.400267	38.716458	26.394925	31.405898	42.199177
오후 5:17:49.184 	42.063759	34.428622	12.440541	3.952184	2.031651	37.182837	46.216884	5.918274	4.375293	3.340656	75.025743	59.358583	39.025025	25.194872	29.014486	45.790642
오후 5:17:50.217 	42.032489	34.370297	12.409172	3.997215	2.085568	37.232584	46.088213	5.911926	4.404158	3.399812	75.144784	58.641600	38.936548	24.902338	29.266053	45.831609
오후 5:17:51.287 	42.021251	34.228839	12.420634	4.049985	2.155305	37.253589	45.911750	5.977188	4.456892	3.464452	75.254237	58.426086	38.474817	24.272323	29.393220	46.334457
오후 5:17:52.273 	41.957409	34.004338	12.645875	4.182247	2.176936	37.884633	44.587696	6.594607	4.531116	3.442685	75.385236	58.259248	37.740768	25.322903	28.713731	45.963366
오후 5:17:53.288 	41.810163	34.256399	12.409933	4.097024	2.233061	37.511424	45.429587	5.983657	4.471772	3.606396	75.484128	57.118790	37.584407	25.166636	28.887938	45.945426
