Time	Fp1_Delta(%)	Fp1_Theta(%)	Fp1_Alpha(%)	Fp1_Beta(%)	Fp1_Gamma(%)	Fp2_Delta(%)	Fp2_Theta(%)	Fp2_Alpha(%)	Fp2_Beta(%)	Fp2_Gamma(%)	Heartbeat(bpm)	SDNN(ms)	RMSSD(ms)	VLF(%)	LF(%)	HF(%)
오후 9:23:07.049 	27.332322	54.710830	8.704723	3.269879	1.779443	27.143027	52.975278	9.924592	3.218289	1.963375	80.982310	81.000187	79.709198	24.220855	45.219677	30.559468
오후 9:23:07.954 	25.763148	54.184820	9.817003	3.688784	1.903163	28.021327	52.448713	9.986338	3.063604	1.759778	80.982310	81.193360	80.086064	24.170775	45.322012	30.507213
오후 9:23:08.974 	23.662040	56.140624	9.186417	3.591856	2.026553	26.434378	54.269306	9.845332	2.997993	1.701007	80.898129	81.558265	69.651114	24.431049	44.014143	31.554808
오후 9:23:09.961 	24.574401	55.929926	9.172193	3.399078	1.894816	26.760657	54.219449	10.089110	2.657470	1.559841	80.352423	71.804349	64.217926	24.441550	43.702738	31.855713
오후 9:23:10.941 	23.179244	57.206489	9.345958	3.419943	1.912009	25.571613	54.812330	10.493893	2.731688	1.516321	80.164813	70.797169	64.241683	24.330321	45.349888	30.319791
오후 9:23:12.219 	22.820603	57.439392	9.420654	3.465817	1.910983	24.940258	55.661024	10.288513	2.701527	1.505558	79.661526	70.042045	63.606738	23.986659	45.477053	30.536288
오후 9:23:12.801 	22.111712	58.157666	9.482759	3.441745	1.898683	24.698493	56.044863	10.266418	2.646710	1.467755	79.607201	70.219541	63.709009	24.072642	46.589310	29.338047
오후 9:23:13.901 	22.168669	58.094162	9.501689	3.422630	1.900995	24.756396	56.009650	10.265174	2.633002	1.463308	79.656090	70.307836	64.154532	23.897098	48.239090	27.863812
오후 9:23:14.934 	22.337615	58.058055	9.491157	3.318444	1.841932	24.817385	55.881334	10.325293	2.548580	1.417887	79.885034	70.979472	63.529925	23.909316	48.000939	28.089745
오후 9:23:15.947 	23.050597	56.819926	9.704320	3.548922	1.971965	25.677571	54.434797	10.521445	2.733710	1.523692	79.846785	70.641136	63.529925	23.581241	47.490432	28.928328
오후 9:23:16.941 	22.488314	57.211733	9.597459	3.628018	2.025108	25.039571	55.015557	10.347035	2.806663	1.566838	79.672400	69.939159	64.222678	19.563437	45.479356	34.957206
오후 9:23:17.875 	22.480263	57.397572	9.557770	3.571874	2.017964	25.123484	55.219510	10.287041	2.703399	1.532869	79.175258	69.201289	62.937919	16.921788	45.531819	37.546393
오후 9:23:18.880 	22.369523	57.559801	9.547192	3.567712	2.012530	24.987227	55.368419	10.303124	2.691807	1.517193	79.132321	69.528555	61.999953	14.633609	48.476624	36.889766
오후 9:23:19.829 	22.610219	57.317881	9.550246	3.561369	1.996315	25.135032	55.315218	10.272963	2.669308	1.487897	79.143051	69.335701	62.157263	11.190557	52.781473	36.027970
오후 9:23:20.865 	23.044719	57.014811	8.548684	4.029019	2.266678	25.872516	54.684308	9.252077	3.109848	1.789856	79.180700	70.679566	62.663097	7.261340	58.573909	34.164751
오후 9:23:21.919 	23.064355	57.111562	8.458260	4.012896	2.244367	25.936692	54.829746	9.109346	3.076162	1.739774	79.034029	73.106027	62.346399	4.634195	64.948745	30.417060
오후 9:23:22.941 	23.207649	57.076064	8.457747	3.954686	2.240360	25.989840	54.812754	9.164434	3.052329	1.682196	78.860898	74.840075	50.172580	2.650726	72.361103	24.988171
오후 9:23:23.958 	23.144011	57.178577	8.457485	3.931709	2.252994	26.049464	54.905743	9.044533	3.062462	1.684871	78.378011	65.766535	40.673596	1.346607	74.114282	24.539111
오후 9:23:24.931 	23.136767	56.925135	8.628633	4.004813	2.263749	26.022688	54.826299	9.048640	3.143546	1.742090	78.080521	67.185904	40.345280	0.729499	72.826949	26.443552
오후 9:23:25.956 	23.491503	57.142416	8.476172	3.801214	2.119751	26.319880	54.977191	8.907848	3.020378	1.674222	78.069938	67.261157	39.973024	0.192670	74.272836	25.534494
오후 9:23:27.002 	25.877746	55.400407	8.339671	3.606981	2.015809	29.292453	52.862364	8.543929	2.816170	1.559150	78.128179	67.636898	42.230588	0.180816	74.149150	25.670033
오후 9:23:27.931 	25.939539	55.391732	8.396957	3.599246	1.989731	29.397135	52.861587	8.536733	2.782281	1.529689	78.394012	68.825580	41.732049	0.071145	75.554667	24.374188
오후 9:23:29.007 	25.669431	55.624794	8.390712	3.706143	1.983729	29.354308	52.862202	8.558945	2.828877	1.553612	78.511552	67.882294	42.328129	0.021757	74.161594	25.816649
오후 9:23:30.012 	25.515868	55.613344	8.482770	3.707756	1.971145	29.100454	52.913902	8.660286	2.842923	1.556743	78.570454	66.908540	42.328129	0.260878	69.180469	30.558653
오후 9:23:30.992 	25.551846	55.615675	8.436366	3.742636	2.006189	29.111108	53.006310	8.611418	2.875591	1.559509	78.516903	67.504987	41.620728	0.903409	63.838574	35.258018
오후 9:23:31.958 	25.548717	55.633937	8.463955	3.710045	1.977185	29.160279	52.997954	8.562833	2.892202	1.551102	78.351567	67.695634	41.682940	2.830291	61.082234	36.087474
오후 9:23:32.927 	25.766536	55.591838	8.296437	3.748570	2.027047	29.467985	52.821444	8.390556	2.934201	1.547731	78.292782	68.595584	41.650442	6.332844	62.747556	30.919600
오후 9:23:33.946 	25.745969	55.702671	8.263586	3.739349	2.001554	29.406656	52.971519	8.384155	2.888372	1.528578	78.202430	69.418506	41.677663	8.478379	63.989939	27.531681
오후 9:23:34.979 	24.811382	55.738293	8.901721	3.643544	2.034502	28.442225	52.662407	9.085350	3.002816	1.597870	78.175896	69.641719	41.379748	10.173422	64.363108	25.463470
오후 9:23:35.985 	24.427328	57.080895	8.469785	3.344341	1.937693	28.261959	54.242395	8.401688	2.456118	1.486798	78.106990	69.869727	39.724646	10.501957	63.180427	26.317616
오후 9:23:36.877 	24.227162	57.094904	8.646541	3.412464	1.925174	28.119905	54.363601	8.519165	2.450042	1.421635	78.113731	68.971674	39.939276	11.997812	62.250350	25.751838
오후 9:23:37.916 	24.224377	57.313101	8.538012	3.334491	1.876191	28.180543	54.411968	8.465669	2.402523	1.392664	77.741076	66.359552	39.836090	12.633992	60.370228	26.995780
오후 9:23:38.968 	24.341642	57.450773	8.527207	3.197732	1.819877	28.279547	54.489178	8.410537	2.380616	1.369048	77.457368	66.116155	40.323400	13.713581	56.683733	29.602685
오후 9:23:39.980 	24.034570	57.700703	8.623565	3.223072	1.850499	27.646089	55.034670	8.544058	2.461541	1.380196	77.175588	67.227058	40.483039	16.476222	54.564348	28.959430
오후 9:23:40.894 	24.457406	56.434633	8.799966	3.511100	1.985516	28.862601	53.111924	8.679837	2.680327	1.505835	77.020793	67.847454	40.142893	17.176999	55.446262	27.376739
오후 9:23:41.904 	26.276687	53.832820	9.150675	3.617664	2.123202	30.221003	51.218224	8.807634	2.759117	1.555942	76.743721	68.697713	40.411667	18.382805	58.691899	22.925296
오후 9:23:42.934 	26.535309	53.665292	9.103484	3.648633	2.149251	30.534293	51.438606	8.566003	2.732625	1.539904	76.155219	70.420845	40.176267	18.191167	60.547836	21.260997
오후 9:23:43.944 	26.873610	53.114157	9.118491	3.704181	2.166725	30.530392	51.354324	8.468769	2.770331	1.551558	75.904329	69.681028	40.612715	18.011703	60.833023	21.155274
오후 9:23:45.013 	26.121008	53.724834	9.171284	3.852589	2.249388	30.081123	51.905911	8.524614	2.830026	1.598145	75.524252	67.242054	40.540840	17.924120	60.766022	21.309858
오후 9:23:45.988 	26.247594	53.731588	9.046051	3.851515	2.261091	30.187099	51.910658	8.417925	2.812154	1.587171	75.359013	67.128981	40.579491	17.283840	62.719128	19.997032
오후 9:23:47.024 	26.314507	53.749458	9.036673	3.822178	2.236273	30.406819	51.776150	8.377261	2.783926	1.560886	75.107509	67.146114	40.795437	16.573302	63.946637	19.480060
오후 9:23:47.976 	27.582337	47.746422	10.265156	4.911465	2.851779	31.633300	47.247997	9.137394	3.428348	1.892427	74.971918	67.214953	40.430159	16.252571	64.577478	19.169951
오후 9:23:49.023 	28.343785	46.042679	10.601555	5.362552	3.237154	32.770653	45.692895	9.266059	3.674939	2.090826	74.867606	65.807150	40.672103	14.914253	65.318605	19.767143
오후 9:23:50.033 	28.009091	46.494448	10.960451	5.457229	3.285692	31.458677	47.395668	9.126647	3.748986	2.138499	74.568065	63.614111	41.059521	14.060991	64.076664	21.862345
오후 9:23:50.978 	29.012610	45.845766	10.710750	5.816698	3.490903	32.766611	46.724388	8.934924	4.035226	2.307479	74.370233	63.043838	41.470383	10.629433	62.976779	26.393787
오후 9:23:51.957 	31.093236	42.321785	11.194125	6.493125	3.879982	35.332616	43.400246	9.154507	4.460581	2.569846	74.038964	62.213726	41.243577	8.491500	65.714266	25.794235
오후 9:23:52.981 	31.367378	41.261574	11.272062	6.942155	4.100635	35.462664	42.547148	9.337116	4.664115	2.714370	73.999331	62.116542	41.918072	6.639135	71.594961	21.765905
오후 9:23:54.010 	31.333399	41.387090	11.280492	6.816192	4.128392	35.408797	42.621437	9.280695	4.687538	2.725401	73.904561	62.217970	42.091744	5.468004	72.210653	22.321343
오후 9:23:54.950 	31.355791	41.295277	11.340407	6.814860	4.125342	35.471378	42.567326	9.294323	4.670037	2.710821	73.826705	62.709509	41.521455	4.734453	71.033294	24.232253
오후 9:23:55.949 	31.577464	41.202564	11.289093	6.808855	4.100889	35.515989	42.602144	9.371259	4.668463	2.713748	73.688699	62.406706	42.624763	3.369170	67.326660	29.304171
오후 9:23:56.970 	31.490972	40.768988	11.489180	7.070502	4.246958	35.596383	42.166642	9.516731	4.885927	2.826520	73.639632	62.112818	42.612157	2.879174	66.713120	30.407706
오후 9:23:58.026 	31.406282	40.850752	11.535814	7.037414	4.257909	35.605990	42.140354	9.543784	4.855765	2.821257	73.610224	61.954319	42.551592	2.537682	69.601476	27.860841
오후 9:23:59.062 	31.375178	40.857308	11.571065	7.016138	4.262653	35.559609	42.128154	9.572220	4.857164	2.796993	73.512364	61.703667	42.581885	2.549091	69.760623	27.690286
오후 9:24:00.027 	31.479591	40.866550	11.473903	6.989229	4.236970	35.583907	42.049043	9.634402	4.867070	2.796195	73.468412	61.499357	42.369379	2.480345	69.521334	27.998322
오후 9:24:01.014 	31.514513	40.980749	11.472049	6.894288	4.211342	35.538236	42.040072	9.646345	4.870875	2.805147	73.453773	61.503652	42.285603	2.172097	69.465915	28.361987
오후 9:24:02.056 	31.364344	41.097357	11.492032	6.969321	4.184076	35.496039	42.139129	9.624496	4.856010	2.774721	73.444016	61.551680	42.285603	2.231567	69.106815	28.661618
오후 9:24:03.120 	30.350921	41.425650	12.134564	6.693075	4.062757	34.039871	42.475189	10.306229	4.682806	2.684184	73.339610	62.519990	42.727101	2.996270	67.318202	29.685529
오후 9:24:04.215 	31.429795	40.983353	11.456595	6.912964	4.275137	35.988310	41.920068	9.459547	4.764216	2.737510	73.200953	62.220850	42.089475	3.925236	67.116083	28.958681
오후 9:24:05.207 	31.382465	41.231292	11.364369	6.872436	4.242916	35.934204	42.064721	9.398925	4.711364	2.731584	73.031764	61.420679	41.974431	5.551183	64.708464	29.740353
오후 9:24:06.251 	31.279754	41.389491	11.404480	6.799432	4.252451	35.890465	42.132739	9.418545	4.698164	2.727677	72.689462	58.569904	41.421514	6.021725	64.135775	29.842499
오후 9:24:07.184 	31.292566	41.454001	11.372555	6.751370	4.257679	35.855268	42.145522	9.486788	4.741079	2.708857	72.655563	58.338647	41.767398	6.728191	64.628592	28.643217
오후 9:24:08.135 	31.128010	41.590299	11.428585	6.748409	4.202647	35.934473	42.160761	9.435171	4.708214	2.717981	72.872957	60.120665	42.214389	5.569951	63.607187	30.822862
오후 9:24:09.259 	31.137163	41.594016	11.479258	6.805790	4.193269	35.887313	42.172869	9.467954	4.726261	2.735097	72.906586	60.425898	42.480824	4.893402	65.903625	29.202972
오후 9:24:10.199 	31.228339	41.536012	11.454594	6.772963	4.202033	35.873196	42.194925	9.545642	4.734732	2.736418	72.839968	60.572718	43.125728	4.618315	68.325640	27.056045
오후 9:24:11.161 	31.337496	41.318887	11.460258	6.775528	4.203802	35.757097	42.330329	9.521318	4.739378	2.743944	72.805928	60.687918	43.027051	4.753740	67.659658	27.586602
오후 9:24:12.094 	32.071340	39.075898	11.724439	7.482390	4.653263	36.945300	40.195527	9.515731	5.172775	3.022966	72.771920	60.599322	42.268028	5.089773	68.160859	26.749368
오후 9:24:13.041 	32.868826	37.732022	12.359424	7.372203	4.583637	37.057676	38.870739	10.285340	5.292286	3.123062	72.390309	57.037785	42.157004	5.183715	72.036358	22.779926
오후 9:24:14.117 	32.560184	38.067902	12.411647	7.391448	4.559339	37.026944	38.797743	10.202146	5.319696	3.130473	72.208171	54.444546	42.260292	5.174895	72.668243	22.156862
오후 9:24:15.149 	32.375048	37.526133	12.407669	7.868783	4.873296	37.255325	38.396812	9.775276	5.850817	3.430660	72.117445	52.559411	41.668120	5.214204	72.498469	22.287326
오후 9:24:16.100 	32.347778	37.570260	12.345404	7.834885	4.868903	37.282165	38.298197	9.720932	5.939997	3.443741	72.185297	53.711912	41.500035	5.325426	70.406264	24.268310
오후 9:24:17.148 	32.306942	37.615591	12.376354	7.808054	4.859706	37.291717	38.225295	9.740155	5.923635	3.448128	72.256013	53.631636	41.689040	4.692995	66.400481	28.906525
오후 9:24:18.132 	32.311613	37.733755	12.322264	7.867835	4.830229	37.234781	38.131818	9.791989	5.966169	3.443833	72.241653	53.642626	41.268618	4.374313	63.878821	31.746866
오후 9:24:19.162 	32.254011	37.696773	12.327535	7.921443	4.852679	37.246152	38.091552	9.775494	5.960600	3.478826	72.351887	53.451410	41.329317	3.905548	68.339313	27.755139
오후 9:24:20.212 	32.171582	37.826746	12.306362	8.001476	4.828949	37.216754	38.074490	9.809876	5.954239	3.481504	72.534752	52.517804	41.360951	3.889970	69.900869	26.209161
오후 9:24:21.282 	32.157725	37.883155	12.274648	7.901021	4.840308	37.236964	38.065491	9.894675	5.885573	3.480010	72.700500	50.771609	41.256602	3.287438	70.308553	26.404009
오후 9:24:22.319 	32.001981	37.952061	12.417071	7.913650	4.833919	37.343584	37.920177	9.922826	5.891547	3.464066	72.796209	50.393437	39.959020	2.954395	70.638590	26.407014
오후 9:24:23.364 	31.855132	38.105202	12.471453	7.907330	4.753760	37.120945	38.165667	9.888469	5.919803	3.488964	72.878909	50.641397	39.959020	2.252564	69.825123	27.922312
오후 9:24:24.319 	32.153209	37.859626	12.279336	7.952033	4.743902	37.222989	38.050601	9.986472	5.819411	3.442070	72.927645	50.369061	40.027151	1.953848	67.480020	30.566132
오후 9:24:25.247 	32.191162	38.076463	12.244347	7.902649	4.712151	37.157535	38.601434	10.031420	5.557305	3.201295	73.065539	51.003889	37.863986	1.446763	69.380820	29.172418
오후 9:24:26.214 	23.876044	40.153766	13.937710	9.956302	5.918171	27.981175	43.264970	11.098025	6.928639	3.913053	73.055886	50.756909	37.750297	1.483870	69.109059	29.407072
오후 9:24:27.235 	21.183358	37.358228	15.738252	11.907180	7.206231	25.424774	39.337898	13.437865	8.937945	5.105227	72.810789	46.230864	36.842615	1.363499	68.745397	29.891104
오후 9:24:28.162 	21.124380	37.294220	15.611012	11.973898	7.223479	25.223176	39.479946	13.450642	8.917673	5.141221	72.815381	45.793762	35.897291	1.014288	67.773851	31.211861
오후 9:24:29.218 	21.011629	37.367653	15.783776	11.826178	7.186849	25.261222	39.446356	13.446663	8.986481	5.118366	72.954680	46.635693	36.749290	0.873166	67.559243	31.567591
오후 9:24:30.274 	21.091852	37.307473	15.826677	11.781913	7.163195	25.351248	39.474499	13.484585	8.886209	5.118499	73.039984	47.067102	36.429091	0.409262	66.687361	32.903377
오후 9:24:31.262 	21.107890	37.277319	15.918941	11.757911	7.160994	25.330853	39.550262	13.473438	8.836168	5.136505	73.113844	46.860097	36.269540	0.160669	65.540703	34.298628
오후 9:24:32.244 	21.148489	37.193053	15.897498	11.885702	7.122981	25.332229	39.520580	13.668884	8.817845	5.128507	73.220339	47.454704	36.661464	0.096539	66.159024	33.744437
오후 9:24:33.281 	21.034547	37.024512	16.033199	12.070054	7.039642	25.231452	39.492106	13.756266	8.879321	5.072865	73.356328	47.781164	36.517560	0.121902	66.256765	33.621333
오후 9:24:34.281 	21.067554	37.017159	15.937824	12.073184	7.117857	25.145908	39.474927	13.785911	8.880855	5.088942	73.419638	47.886217	36.632141	0.110263	66.849967	33.039770
오후 9:24:35.305 	21.005034	37.128816	15.905941	12.064819	7.097481	25.003248	39.364115	13.975806	8.958777	5.046651	73.492823	48.714105	36.626274	0.310282	66.289922	33.399795
오후 9:24:36.287 	20.998111	37.225886	15.914947	11.994531	7.087065	24.894076	39.436715	13.951048	8.952476	5.083374	73.571048	49.960880	36.532270	0.436982	65.991430	33.571588
오후 9:24:37.248 	21.024041	37.200571	15.900912	11.955257	7.062099	24.873961	39.429744	13.938886	9.039015	5.042109	73.639632	50.600003	35.647970	0.401543	65.705838	33.892620
오후 9:24:38.201 	21.158304	37.452525	15.750411	11.858341	7.013014	24.841623	39.527700	13.992224	9.007318	4.996185	73.855882	50.735208	36.040317	0.518156	65.996078	33.485766
오후 9:24:39.207 	21.487537	37.224491	15.723172	11.868430	6.981845	24.660479	39.537989	14.055587	9.003305	5.006776	74.083601	50.315698	35.933194	0.635789	66.049008	33.315203
오후 9:24:40.237 	21.329015	37.157422	15.699400	12.077280	6.998127	24.836010	39.411840	13.917254	8.995734	5.057597	74.247734	49.118032	35.995939	0.594534	66.204748	33.200718
오후 9:24:41.278 	21.321773	37.054242	15.680919	12.224811	6.979747	24.945560	39.431688	13.816190	8.977984	5.022045	74.498704	47.812096	36.031495	0.774594	64.461084	34.764322
오후 9:24:42.169 	19.553022	35.796852	16.634776	13.361549	7.364468	23.025187	36.913398	15.442132	10.215455	5.497002	74.712154	46.140603	35.477291	1.042713	62.835000	36.122287
오후 9:24:43.215 	19.800927	35.495311	16.513408	13.476685	7.516854	22.748589	37.833057	15.100422	10.068498	5.688723	74.821834	45.575146	35.477291	1.148299	62.757300	36.094401
오후 9:24:44.237 	19.814027	35.381390	16.433697	13.685682	7.481121	22.725143	37.756132	15.241678	10.018158	5.663499	74.912015	45.192400	35.449335	1.192462	63.019666	35.787871
오후 9:24:45.224 	19.906632	35.362144	16.299856	13.741065	7.503441	22.795565	37.658718	15.203820	10.075028	5.596497	75.010889	44.812032	35.449335	1.149148	62.572505	36.278347
오후 9:24:46.208 	19.838513	35.500566	16.318832	13.577723	7.490032	22.592526	37.972421	15.215889	10.080960	5.588286	75.162890	43.984453	35.285617	1.248326	62.267736	36.483938
오후 9:24:47.139 	19.976925	35.461867	16.085213	13.616825	7.576706	22.574618	37.882749	15.211752	10.122930	5.674524	75.157852	43.994749	35.189389	1.520376	62.394591	36.085034
오후 9:24:48.131 	20.011476	35.404823	16.159139	13.632404	7.559765	22.649084	38.018433	15.156131	10.026645	5.711919	75.194496	43.810813	34.950525	1.375716	62.125962	36.498321
오후 9:24:49.222 	19.812977	35.418978	16.315744	13.609235	7.467077	22.577407	37.986723	15.222328	10.106164	5.680734	75.229334	43.768142	34.468758	1.364377	62.097614	36.538008
오후 9:24:50.194 	16.806760	33.410150	18.001479	15.606446	8.653320	18.660742	35.020785	17.903860	12.524987	7.020075	75.304094	43.014807	34.468758	1.405717	62.218753	36.375530
오후 9:24:51.177 	16.705814	33.216017	18.056258	15.853517	8.715163	18.470180	34.929566	17.940510	12.598811	7.069270	75.454063	41.797856	33.668084	0.890378	64.045525	35.064097
오후 9:24:52.192 	16.697860	33.318020	18.028660	15.887888	8.756510	18.547986	34.886530	17.794821	12.671469	7.054949	75.619719	42.051487	33.129861	0.666161	65.422015	33.911823
오후 9:24:53.171 	19.016000	33.673518	17.065189	14.482126	8.004150	19.639674	38.332909	16.295510	11.040979	6.084867	75.791158	41.179153	33.133015	0.793472	64.681222	34.525306
오후 9:24:54.271 	19.032422	33.719636	17.008571	14.520714	7.947398	19.712883	38.251254	16.252291	10.946467	6.035073	76.160254	42.738557	32.504893	0.828496	64.596057	34.575447
오후 9:24:55.233 	19.039078	33.606830	16.967394	14.457742	8.043914	19.570710	38.211922	16.220486	11.009988	6.032500	76.296443	43.768283	32.520748	0.844184	64.563379	34.592438
오후 9:24:56.238 	19.119631	33.119794	17.072632	14.543578	8.132054	19.632931	38.247493	16.172387	11.081913	6.032281	76.367252	43.980588	32.898982	0.562645	67.215254	32.222101
오후 9:24:57.218 	19.131623	33.245532	16.990207	14.537582	8.196793	19.893070	38.355839	16.042120	10.949667	6.063052	76.524512	44.210781	32.889579	0.547855	66.510711	32.941434
오후 9:24:58.206 	19.223496	33.011935	17.044538	14.605692	8.219355	19.739191	38.460450	16.121191	10.918982	6.085460	76.636509	44.269571	32.839385	0.693558	64.217141	35.089302
오후 9:24:59.228 	19.290396	32.932393	16.948688	14.658202	8.306750	19.803219	38.585239	15.992606	10.938640	6.157242	76.707950	44.291302	32.839385	0.918098	61.794174	37.287728
오후 9:25:00.204 	19.312544	32.885845	16.926821	14.668765	8.350416	20.056423	38.450870	15.936843	10.917295	6.151077	76.744461	43.757923	32.933186	1.848650	58.667013	39.484337
오후 9:25:01.200 	19.344565	32.861403	16.912581	14.659713	8.330563	20.085079	38.599261	15.833965	10.874272	6.115170	76.984763	41.585339	32.669411	3.637250	54.514358	41.848392
오후 9:25:02.193 	19.617077	32.570571	16.783281	14.524676	8.309992	20.113746	38.125761	15.919114	10.884233	6.220579	77.092953	40.624594	32.672567	5.371191	49.540495	45.088314
오후 9:25:03.220 	15.965241	30.017337	18.595471	17.487584	9.824620	16.653528	35.336005	18.414566	13.451650	7.695076	77.257445	39.526981	32.504131	7.560711	45.145606	47.293683
오후 9:25:04.217 	15.820560	30.167677	18.752554	17.511138	9.811570	16.448191	35.121568	18.621861	13.604542	7.787254	77.467649	39.112461	32.948626	10.498501	47.694326	41.807172
오후 9:25:05.199 	15.792369	30.075618	18.664586	17.586629	9.814916	16.338837	35.250377	18.697374	13.611014	7.811319	77.668663	38.606023	32.340982	12.294651	51.206847	36.498502
오후 9:25:06.264 	15.778927	30.093759	18.877794	17.747557	9.760613	16.456941	35.159665	18.604202	13.559357	7.832586	77.800289	38.599375	31.407012	11.859411	49.588582	38.552007
오후 9:25:07.232 	15.795221	30.111581	18.866541	17.773787	9.697784	16.336499	35.232319	18.515284	13.491239	7.876209	77.730723	38.374562	31.171777	11.439403	49.859382	38.701215
오후 9:25:08.204 	15.819502	30.129934	18.831456	17.674046	9.780078	16.225395	35.310171	18.436612	13.491737	7.889897	77.787699	38.840205	30.055288	11.586372	49.233090	39.180538
오후 9:25:09.238 	15.889486	30.143940	19.032617	17.459155	9.795013	16.240510	35.597086	18.382019	13.516615	7.877639	77.825887	38.020166	30.640122	12.246961	49.900519	37.852521
오후 9:25:10.227 	15.922337	29.875783	19.118932	17.495504	9.758464	16.173263	35.622005	18.447262	13.522002	7.876442	78.026870	36.469700	30.870086	12.795334	48.338291	38.866374
오후 9:25:11.215 	15.839620	29.852686	19.117193	17.521251	9.818551	16.122318	35.440909	18.553894	13.530223	7.948529	78.204596	35.631496	31.168514	12.418852	43.155406	44.425742
오후 9:25:12.252 	16.439327	29.303248	19.127985	17.436224	9.793714	16.008752	35.196522	18.438956	13.614000	7.958201	78.325828	33.832586	31.426184	12.503516	43.418627	44.077857
오후 9:25:13.345 	13.418050	23.086065	20.233172	22.529070	12.736832	13.688391	30.672320	19.480174	17.968800	10.344596	78.325828	33.832586	30.991944	12.548456	43.977934	43.473610
오후 9:25:14.363 	13.461958	23.087985	19.989216	22.579811	12.875209	13.592696	30.750455	19.480381	18.032576	10.384799	78.279171	34.169397	30.943319	12.466049	44.944614	42.589337
오후 9:25:15.343 	13.362574	23.416969	20.066639	22.630591	12.718257	13.587092	30.968999	19.301256	17.965217	10.457203	78.267516	34.215569	30.870086	10.232361	48.047585	41.720054
오후 9:25:16.318 	13.410606	23.160242	20.133268	22.569169	12.758684	13.522396	30.880582	19.413395	17.879838	10.530696	78.388123	33.941079	31.725034	11.109407	46.268046	42.622547
오후 9:25:17.292 	13.588852	22.711665	20.334055	22.864249	12.708759	13.575955	31.088541	19.200131	18.023557	10.536016	78.414109	33.446969	31.725034	11.427176	45.735023	42.837801
오후 9:25:18.248 	13.625625	22.527309	20.547428	22.812365	12.691561	13.563466	31.370611	19.104862	18.062340	10.453091	78.382928	33.807992	31.677534	10.677891	46.868305	42.453804
오후 9:25:19.307 	13.645416	22.389120	20.619058	22.799095	12.711179	13.380426	31.571694	19.031352	18.179979	10.414878	78.419308	33.682507	31.740851	7.764353	45.275329	46.960317
오후 9:25:20.317 	13.589815	22.764701	20.557028	22.597867	12.687987	13.198868	31.623847	19.037753	18.295960	10.459239	78.486960	32.762195	31.512314	5.612025	42.701885	51.686090
오후 9:25:21.260 	13.841614	22.118482	20.552736	22.748557	12.775801	13.056362	31.334861	19.091649	18.409071	10.497821	78.481752	32.822149	31.477252	4.408906	42.641299	52.949795
오후 9:25:22.282 	15.513262	24.453360	19.653967	20.952680	11.725477	15.275091	36.229741	17.297766	15.443748	8.881058	78.476544	32.845258	31.050194	2.871314	43.072211	54.056474
오후 9:25:23.340 	16.650850	23.409776	19.552850	21.027935	11.653340	17.121324	34.496300	17.287882	15.372754	8.763010	78.455721	32.948931	30.597500	2.231476	43.094978	54.673547
오후 9:25:24.316 	15.989922	23.669269	19.641274	21.242540	11.706037	17.411304	34.169850	17.264349	15.422549	8.788619	78.434909	32.880487	30.884868	1.590174	42.068162	56.341664
오후 9:25:25.297 	15.777378	23.999568	19.572822	21.175981	11.762434	17.357691	34.131036	17.135182	15.586823	8.815228	78.331015	32.393140	30.836074	1.215207	42.061792	56.723001
오후 9:25:26.309 	15.883339	23.672857	19.620100	21.321464	11.776104	17.234663	33.905630	17.309176	15.606930	8.868749	78.278012	32.685759	30.535450	1.039538	43.589285	55.371177
오후 9:25:27.358 	15.779850	23.603585	19.664626	21.476319	11.681957	17.061490	34.100821	17.057563	15.709991	8.879351	78.206705	33.153260	29.803056	1.014308	44.379070	54.606622
오후 9:25:28.318 	15.767303	23.792686	19.653515	21.469096	11.646377	16.921537	34.125977	17.144595	15.855021	8.948466	78.165356	33.034130	29.708593	1.018895	44.212080	54.769025
오후 9:25:29.396 	15.786110	23.317356	19.840140	21.529645	11.846617	17.237178	34.024591	17.084478	15.813747	8.868055	78.155025	33.064268	29.637548	1.101307	43.695695	55.202998
오후 9:25:30.472 	15.243617	23.833118	19.551356	21.795386	11.849211	17.130766	34.013512	17.018832	15.883527	8.904945	78.162705	33.520957	29.639490	1.326849	44.425426	54.247726
오후 9:25:31.483 	15.135610	23.721165	19.520435	21.997752	11.930357	17.180319	34.310912	16.873650	15.879004	8.897504	78.108572	33.928478	30.780681	2.581376	43.935710	53.482914
오후 9:25:32.419 	15.001751	24.038408	19.298217	21.897526	11.863350	17.360543	34.126012	16.863045	15.786879	8.923423	78.118890	33.983305	30.574525	3.212176	40.310200	56.477624
오후 9:25:33.396 	31.533834	32.693876	11.150452	12.340890	6.725099	26.725118	33.750471	14.047961	12.470748	7.066992	78.209835	34.227185	29.817424	5.207494	41.219274	53.573231
오후 9:25:34.418 	30.946210	35.365083	11.318710	10.856855	5.847459	27.724873	37.012275	13.508705	9.851026	5.655740	78.165356	33.773422	30.347129	8.098717	43.530110	48.371174
오후 9:25:35.431 	31.166672	35.117260	11.226146	10.860223	5.910962	28.074546	36.872361	13.387914	9.847423	5.727299	78.201534	34.471998	30.780681	9.508863	43.098847	47.392290
오후 9:25:36.415 	31.253570	34.991524	11.182753	10.944981	6.027574	28.098934	36.825059	13.448000	9.878603	5.710361	78.382928	36.371326	30.400010	12.171105	44.081585	43.747310
오후 9:25:37.351 	31.329484	34.856475	11.099348	10.997347	6.079480	28.119184	36.713710	13.416762	9.937415	5.759917	78.372540	36.294250	30.442908	12.757626	47.392844	39.849530
오후 9:25:38.487 	30.495542	35.615547	11.614654	10.565536	5.818381	28.126140	37.549718	13.522629	9.066739	5.276327	78.367347	36.285987	30.442908	13.647386	48.572463	37.780151
오후 9:25:39.482 	31.078812	35.289104	11.518849	10.526541	5.769696	30.309502	36.284587	13.191869	8.966114	5.230985	78.486960	36.993223	31.182467	15.694021	44.765586	39.540393
오후 9:25:40.486 	30.911671	35.474651	11.522059	10.419802	5.797382	30.146421	36.470080	13.226313	8.915592	5.235181	78.549512	37.742635	31.156702	16.525056	40.243650	43.231293
오후 9:25:41.445 	31.043528	35.227661	11.528579	10.489472	5.778311	30.149031	36.317465	13.282352	8.965298	5.233975	78.617389	38.357322	31.011373	19.258027	37.880940	42.861033
오후 9:25:42.487 	31.247164	35.031923	11.559278	10.402152	5.833097	30.093317	36.363135	13.328579	8.914095	5.248537	78.722045	38.152297	31.143811	21.860025	30.430174	47.709802
오후 9:25:43.551 	31.219229	35.031037	11.564506	10.397407	5.851440	30.056391	36.413077	13.332994	8.918192	5.267364	78.795470	38.520800	31.671195	23.753346	26.660211	49.586443
오후 9:25:44.628 	31.202963	34.857606	11.618834	10.340105	5.897698	29.970302	36.346257	13.290467	9.003003	5.323631	78.976928	39.464970	31.659502	25.892586	24.758830	49.348584
오후 9:25:45.613 	31.172953	34.833130	11.724880	10.353225	5.870808	29.921606	36.394933	13.284929	9.030137	5.385945	79.055097	39.230104	31.800025	27.563369	27.994274	44.442357
오후 9:25:46.658 	31.138151	34.711696	11.813838	10.390527	5.885192	29.956645	36.201170	13.382346	9.063289	5.475818	79.106414	39.151844	32.130632	27.718737	28.822011	43.459252
오후 9:25:47.632 	30.943246	34.791428	11.912482	10.432674	5.862313	29.896242	36.239361	13.368782	9.054983	5.453752	79.085256	39.291186	32.115007	28.008798	27.844232	44.146969
오후 9:25:48.672 	30.852089	34.768721	11.913323	10.465664	5.881727	29.926641	36.200504	13.379188	9.062037	5.462775	79.253820	39.681868	32.908626	26.612058	26.348455	47.039487
오후 9:25:49.525 	31.183363	34.668383	11.781657	10.377900	5.921757	29.927135	36.158462	13.408214	8.965943	5.470980	79.348301	39.292743	32.971794	25.644210	25.288337	49.067453
오후 9:25:50.538 	31.084481	34.612411	11.821536	10.374230	5.940482	29.909514	36.074992	13.455258	9.014032	5.485715	79.345230	39.590138	33.450126	26.355617	25.837178	47.807205
오후 9:25:51.522 	31.015907	34.669144	11.861663	10.334930	5.950102	29.969488	36.110187	13.451975	8.964585	5.482152	79.259063	39.718313	33.670584	24.672757	23.520962	51.806281
오후 9:25:52.586 	30.391297	35.014081	11.948098	10.396102	5.980679	29.847822	36.129775	13.417885	8.936511	5.510516	79.295784	39.935997	33.517213	22.708987	23.031341	54.259672
오후 9:25:53.577 	29.938043	34.230777	12.224233	11.028518	6.346653	30.324674	33.091387	14.284213	9.898445	6.112992	79.164659	38.954281	33.713188	19.773195	24.680667	55.546138
오후 9:25:54.610 	29.931422	34.044001	12.302218	11.114564	6.322343	30.396076	32.905490	14.279886	9.990679	6.139264	79.013388	38.671643	33.928555	20.650521	23.793868	55.555611
오후 9:25:55.602 	30.017066	34.098076	12.268901	11.097847	6.312554	30.369168	33.000035	14.228280	9.935214	6.167521	78.916394	39.430366	34.053898	21.777338	23.843012	54.379650
오후 9:25:56.597 	29.975946	34.182068	12.273665	11.126980	6.300436	30.368880	33.097147	14.142017	9.931189	6.162228	78.879552	39.352523	34.548498	20.920421	23.739688	55.339891
오후 9:25:57.656 	30.000949	34.225554	12.194948	11.109995	6.298897	30.216577	33.101407	14.127386	9.989227	6.187673	78.815867	39.082689	34.323424	19.728607	23.698103	56.573289
오후 9:25:58.756 	29.614122	34.275891	12.796977	10.936261	6.203737	29.544888	33.035799	15.115071	9.720372	6.010538	78.811221	39.285877	34.174547	19.723811	23.699292	56.576897
오후 9:25:59.644 	29.842465	35.234492	12.143721	10.463977	5.932015	30.557246	34.965574	13.850327	8.772232	5.342345	78.869032	39.304124	34.719509	18.782690	23.345052	57.872258
오후 9:26:00.580 	29.726925	34.980993	12.241109	10.558004	5.949160	30.709222	34.567896	13.879256	8.811629	5.380732	78.950906	39.303475	34.639510	16.275113	23.405834	60.319053
오후 9:26:01.545 	29.741642	34.951102	12.243807	10.570890	5.979578	30.700295	34.458277	13.953969	8.803574	5.376519	78.956109	39.288572	34.696671	16.052822	23.678011	60.269167
오후 9:26:02.532 	29.707228	34.944479	12.351654	10.595417	6.002444	30.864916	34.444216	13.993862	8.792061	5.392299	78.942731	39.529632	34.522337	16.009689	23.888336	60.101975
오후 9:26:03.625 	29.756474	35.019226	12.362599	10.483155	5.981112	31.084962	34.417194	13.766192	8.820091	5.426934	78.867751	39.012681	35.077247	16.319862	25.018847	58.661291
오후 9:26:04.588 	29.829916	35.526569	12.248459	10.172156	5.844423	31.386965	34.980221	13.694340	8.273014	5.097972	78.653987	39.384248	35.477448	15.399007	24.562994	60.037999
오후 9:26:05.660 	29.756151	35.538198	12.335264	10.202730	5.832760	31.414842	35.032671	13.639252	8.378160	5.094238	78.627842	39.363388	36.169606	15.074973	25.793303	59.131724
오후 9:26:06.656 	29.498559	36.354076	12.499045	9.656821	5.552680	30.326071	36.869829	13.913564	7.837893	4.761130	78.627842	39.363388	36.277687	15.173672	25.802403	59.023925
오후 9:26:07.734 	29.561722	36.400124	12.480481	9.589081	5.572318	30.523075	36.665108	14.032042	7.856602	4.728826	78.502589	39.423753	36.055633	15.224694	25.502304	59.273002
오후 9:26:08.696 	29.396634	36.447414	12.546384	9.619908	5.562587	30.646445	36.532949	13.953011	7.924420	4.736420	78.586047	39.306115	36.717766	15.310910	25.402989	59.286101
오후 9:26:09.656 	29.393242	36.423832	12.564586	9.739101	5.542906	30.550306	36.534420	14.021096	7.923353	4.732098	78.622615	39.481252	36.454356	15.942658	24.310943	59.746399
오후 9:26:10.592 	29.511233	36.441408	12.437594	9.750297	5.572926	30.540325	36.601186	13.963509	7.860800	4.770382	78.450517	39.493600	36.561595	15.961440	24.282613	59.755947
오후 9:26:11.645 	29.369628	36.509439	12.545652	9.663874	5.542490	30.556631	36.575023	13.896882	7.918250	4.750539	78.440111	39.576832	36.238926	14.912466	25.581790	59.505745
오후 9:26:12.614 	29.401964	36.449294	12.596825	9.686747	5.559421	30.706272	36.554706	13.866448	7.903173	4.751246	78.575605	38.864684	36.897769	15.223992	25.019917	59.756091
오후 9:26:13.675 	29.189126	37.382466	12.715067	9.023195	5.292678	30.358034	38.267651	13.685881	7.068830	4.435360	78.659218	38.564029	36.649352	16.077331	24.243865	59.678804
오후 9:26:14.616 	30.493883	37.230747	12.151341	8.794547	5.259118	30.294736	38.114644	13.667423	7.104920	4.708479	78.627842	38.533456	36.539623	16.275200	24.583874	59.140926
오후 9:26:15.550 	30.371775	37.042237	12.505436	8.779909	5.251651	29.426653	37.721562	14.620376	7.295125	4.668452	78.680149	38.652367	36.152949	16.126380	24.393365	59.480255
오후 9:26:16.588 	31.182383	37.871203	12.147277	8.197294	4.846451	31.056001	38.946182	13.462277	6.466716	4.106462	78.784972	38.138967	36.161279	16.916957	24.351261	58.731782
오후 9:26:17.514 	25.247304	47.319010	11.909780	6.376393	3.661818	30.379200	40.251765	13.272887	6.232650	3.998352	78.945704	38.011374	36.123728	16.559172	25.438676	58.002152
오후 9:26:18.619 	26.047624	49.001857	12.265210	4.812035	2.012739	30.266799	39.951839	13.940266	6.273029	3.870433	79.090544	39.513930	36.459863	16.919347	28.209378	54.871275
오후 9:26:19.599 	30.467447	43.470630	13.383942	4.443961	1.704026	36.789842	41.198513	9.859550	4.092514	2.562536	79.411414	42.630844	36.331589	16.988032	32.142283	50.869685
오후 9:26:20.616 	30.008512	44.033205	13.212115	4.499911	1.747238	36.791838	40.960558	9.827256	4.195171	2.662852	79.763360	45.303189	36.176437	16.292530	38.356402	45.351068
오후 9:26:21.614 	29.668912	44.129606	13.045583	4.412071	1.714268	35.468991	42.032048	9.914171	4.054785	2.568134	80.085561	47.648012	36.285197	15.501226	40.356827	44.141946
오후 9:26:22.578 	29.470497	44.372179	12.705937	4.209170	1.642038	34.659678	42.715404	9.978615	3.937015	2.500985	80.557658	51.832535	35.626089	15.957043	45.230513	38.812445
오후 9:26:23.569 	29.399578	44.375100	12.670238	4.252278	1.686681	34.512562	42.282101	10.018722	4.046444	2.549818	80.734531	53.301564	35.560136	15.977884	47.995458	36.026658
오후 9:26:24.494 	29.468179	44.302578	12.659479	4.259578	1.744218	34.428297	42.219842	10.085024	4.094004	2.645527	81.060756	54.898981	35.685191	15.974702	47.299233	36.726066
오후 9:26:25.526 	29.400537	44.209923	12.673878	4.309279	1.842806	34.614222	42.263756	10.033370	4.164581	2.836757	81.702128	58.516233	35.833728	16.348110	43.800889	39.851001
오후 9:26:26.540 	29.238392	44.331954	12.818991	4.245239	1.855336	34.083007	42.735410	10.279540	4.023192	2.737564	82.012948	60.758069	35.804070	17.117669	45.345757	37.536575
오후 9:26:27.572 	29.029313	44.558199	12.760710	4.241472	1.866954	33.909593	42.377216	10.365134	4.061847	2.764320	82.460233	64.001771	35.638511	15.482227	43.324744	41.193029
