Time	Fp1_Delta(%)	Fp1_Theta(%)	Fp1_Alpha(%)	Fp1_Beta(%)	Fp1_Gamma(%)	Fp2_Delta(%)	Fp2_Theta(%)	Fp2_Alpha(%)	Fp2_Beta(%)	Fp2_Gamma(%)	Heartbeat(bpm)	SDNN(ms)	RMSSD(ms)	VLF(%)	LF(%)	HF(%)
오후 3:50:05.987 	45.079359	39.013033	5.290322	3.610934	3.439964	46.498174	36.689759	5.398408	3.831328	3.467352	82.145139	144.367581	169.813228	7.870360	56.759181	35.370460
오후 3:50:07.009 	44.242020	39.432316	5.550828	3.787812	3.529570	45.717608	37.079094	5.658633	4.038234	3.546709	82.248996	144.680241	169.722715	7.966289	57.206980	34.826731
오후 3:50:07.940 	45.011586	39.126871	5.345670	3.682194	3.568211	46.465489	36.894215	5.469771	3.891714	3.594616	82.499433	145.964942	167.779170	7.727813	56.852081	35.420106
오후 3:50:09.020 	44.387843	40.096077	5.314216	3.592148	3.408184	45.792238	38.011150	5.411470	3.787171	3.394448	81.886169	144.272606	170.156153	7.794775	56.348449	35.856776
오후 3:50:09.946 	44.440844	39.955947	5.483852	3.585758	3.342761	45.766703	37.849034	5.620590	3.769882	3.369198	81.677651	142.264573	172.365751	7.851931	55.419217	36.728852
오후 3:50:11.005 	44.035260	40.194612	5.521546	3.645293	3.368417	45.458835	38.002902	5.602621	3.784676	3.418970	81.269841	140.661674	175.732950	8.093189	55.033052	36.873759
오후 3:50:12.391 	43.451476	40.787590	5.567750	3.600647	3.227079	44.988291	38.516632	5.739081	3.730636	3.231619	80.353669	134.444814	178.049600	8.862332	54.350919	36.786749
오후 3:50:13.480 	43.882814	40.579028	5.534828	3.544156	3.183289	45.412637	38.295050	5.732571	3.662018	3.181613	79.976533	131.655092	174.150421	9.358308	53.245838	37.395854
오후 3:50:14.053 	42.701805	40.731964	6.078661	3.737310	3.232990	44.097703	38.576114	6.277727	3.879797	3.234633	80.531679	135.549782	177.907527	9.706905	53.379128	36.913967
오후 3:50:15.027 	47.050758	38.413922	5.320364	3.302230	2.940708	48.328714	36.393927	5.493874	3.436523	2.972271	80.738905	135.847274	179.864019	10.837602	52.859507	36.302891
오후 3:50:16.010 	47.067347	38.441769	5.316602	3.292399	2.898913	48.342435	36.430225	5.487751	3.433885	2.940101	80.671092	134.029704	177.429552	12.662942	52.305561	35.031497
오후 3:50:16.990 	47.095249	38.444062	5.314826	3.273235	2.883760	48.372110	36.436563	5.490905	3.416838	2.918774	80.466317	132.044704	174.752071	11.521848	52.667243	35.810908
오후 3:50:18.008 	46.676707	38.879532	5.389045	3.237887	2.896822	47.964304	36.799004	5.567953	3.410727	2.971041	80.531679	131.595590	174.858690	9.817111	54.720764	35.462125
오후 3:50:19.013 	46.753420	38.834865	5.333428	3.215279	2.895085	47.935660	36.801342	5.536032	3.411868	2.973331	80.547706	130.429637	169.029925	8.484866	56.409743	35.105391
오후 3:50:19.997 	46.775332	38.746337	5.427462	3.251655	2.895975	48.312489	36.579387	5.560522	3.396759	2.919755	79.994213	127.923848	169.153845	10.513032	54.930348	34.556620
오후 3:50:21.034 	46.420418	39.344906	5.315463	3.101209	2.814488	47.795595	37.286050	5.533164	3.230745	2.790004	79.365403	121.187016	169.623674	11.454687	54.201183	34.344130
오후 3:50:22.029 	46.525962	39.223383	5.413082	3.107803	2.695228	47.473111	37.459481	5.670114	3.288574	2.765737	79.457923	121.630062	165.492545	12.419464	53.451066	34.129470
오후 3:50:23.022 	46.021953	39.681643	5.414121	3.094062	2.635615	46.853149	38.002569	5.676094	3.265216	2.721175	78.705805	115.410814	164.979885	12.574786	52.814102	34.611112
오후 3:50:24.057 	46.840940	39.001320	5.270923	3.100494	2.739391	48.174450	36.927132	5.522189	3.293952	2.824525	78.700044	115.367378	166.191862	13.303690	50.784980	35.911330
오후 3:50:25.022 	46.192172	38.943585	5.616121	3.201949	2.690134	48.107614	36.602190	5.672914	3.340630	2.780928	78.562034	118.483815	173.577164	12.635369	49.918306	37.446324
오후 3:50:26.004 	46.849519	38.966011	5.147501	3.119922	2.740268	48.269102	36.791244	5.386798	3.337010	2.868048	78.623145	119.246937	174.817363	11.710850	51.397151	36.891999
오후 3:50:27.010 	45.956594	40.024061	5.091203	3.077865	2.679861	47.865601	37.564094	5.226690	3.243963	2.814415	78.700044	121.430165	181.786511	12.091372	53.083158	34.825469
오후 3:50:28.005 	46.171550	40.092128	4.952218	3.011952	2.567629	48.186043	37.583612	5.077656	3.133440	2.735188	78.716578	122.312330	182.998169	11.790360	53.590601	34.619039
오후 3:50:29.047 	45.304079	40.621493	5.090942	2.902870	2.495818	47.781931	37.910151	5.064759	2.989044	2.679011	78.413732	123.797815	188.356724	12.326634	52.205829	35.467536
오후 3:50:30.045 	46.208968	40.022410	4.950295	2.844342	2.407438	48.225542	37.564005	5.002819	2.948892	2.645188	78.205431	125.859292	191.677455	12.994961	52.483780	34.521258
오후 3:50:31.037 	46.452258	39.819611	4.982072	2.830705	2.364486	48.410592	37.460769	5.015227	2.926812	2.604168	77.981017	128.188753	189.907992	14.147484	52.550922	33.301594
오후 3:50:32.072 	46.899072	39.729228	4.867781	2.685443	2.257293	48.808505	37.340647	4.957514	2.752340	2.531682	77.507679	128.178224	186.717476	15.283688	50.181351	34.534962
오후 3:50:33.061 	46.802996	39.805948	4.920132	2.606722	2.207659	48.643837	37.405158	5.007776	2.698524	2.475739	77.900772	128.440552	190.187234	15.128901	47.756869	37.114230
오후 3:50:34.119 	47.846934	39.006389	4.695375	2.681446	2.298198	49.513321	36.759954	4.876120	2.753673	2.551883	77.735074	130.007479	192.159172	15.200621	47.693233	37.106146
오후 3:50:35.120 	48.075196	39.195308	4.564296	2.579148	2.229727	49.729387	37.081497	4.680876	2.650363	2.465156	77.806913	129.894896	194.353405	15.135112	48.108558	36.756330
오후 3:50:36.070 	47.972580	38.708369	4.755931	2.684138	2.292997	50.328103	36.163283	4.785758	2.712034	2.512650	78.436945	134.157262	194.683615	13.018358	48.190160	38.791482
오후 3:50:37.063 	49.573327	37.727264	4.561836	2.533125	2.264747	51.440377	35.592956	4.565288	2.606037	2.494349	78.214767	132.634094	194.310630	14.344669	48.390765	37.264566
오후 3:50:38.048 	49.553928	37.629638	4.744132	2.591107	2.308264	51.317265	35.415095	4.770906	2.676085	2.554063	78.443860	133.873576	194.252605	14.547049	48.403019	37.049932
오후 3:50:39.116 	49.234973	37.738511	4.836677	2.603752	2.279088	50.925456	35.744421	4.812746	2.635811	2.538808	78.696949	135.088915	195.829689	14.970942	49.101567	35.927491
오후 3:50:40.081 	48.907044	37.742509	4.875386	2.618786	2.266027	50.580282	35.812214	4.870585	2.672375	2.515952	78.896044	135.000377	193.855241	14.082583	48.420728	37.496689
오후 3:50:41.073 	50.331308	36.520128	4.724763	2.560955	2.209592	51.958622	34.660241	4.714519	2.638069	2.455402	78.403169	135.098851	193.349510	13.289301	50.246965	36.463734
오후 3:50:42.057 	50.864538	36.135977	4.846168	2.658370	2.270411	52.642313	34.074604	4.789063	2.724192	2.493651	78.532331	134.819456	188.062744	9.687137	55.431472	34.881391
오후 3:50:43.076 	50.965944	36.296472	4.842619	2.647598	2.263615	52.518097	34.396249	4.821714	2.707804	2.460982	78.244063	130.662361	188.062744	12.028155	49.962933	38.008912
오후 3:50:44.150 	50.119418	37.174981	4.839649	2.568082	2.163340	51.807689	35.313284	4.748354	2.619069	2.307215	78.070096	127.972657	185.501702	16.211969	42.587559	41.200472
오후 3:50:45.106 	50.423901	36.909572	4.820714	2.557416	2.143192	52.318026	34.866509	4.735965	2.615374	2.305706	78.087867	127.963030	186.231231	16.433214	42.462855	41.103931
오후 3:50:46.103 	50.379109	36.939016	4.825674	2.582633	2.156241	52.007539	35.091629	4.774215	2.632086	2.338098	78.123434	127.807450	186.305703	17.077608	40.673019	42.249374
오후 3:50:47.089 	50.645144	37.091553	4.727189	2.507012	2.087321	52.405395	35.129792	4.667813	2.563835	2.272853	78.579955	129.242204	189.115635	14.904830	43.678030	41.417139
오후 3:50:48.117 	50.626550	37.391597	4.717021	2.442515	2.033827	51.991763	35.823064	4.584962	2.461335	2.224477	79.073359	129.223651	193.155652	14.703676	44.057107	41.239217
오후 3:50:49.173 	51.084811	36.868230	4.830202	2.503839	2.139513	52.431467	35.252349	4.787453	2.520786	2.264797	78.835606	129.456751	195.144933	13.610201	44.755820	41.633979
오후 3:50:50.099 	51.445056	36.691092	4.645693	2.446454	2.119294	52.716366	35.197357	4.598376	2.471446	2.234349	78.672884	130.917381	193.366250	11.796754	46.517190	41.686056
오후 3:50:51.117 	50.763052	37.231236	4.693603	2.411841	2.082763	52.293312	35.595969	4.558062	2.427379	2.197615	78.636815	130.542991	195.255082	12.675003	45.966455	41.358543
오후 3:50:52.114 	50.811116	37.213472	4.716423	2.403028	2.092029	52.225537	35.600591	4.670516	2.443562	2.212502	78.889996	131.137808	193.188618	12.400583	47.144517	40.454900
오후 3:50:53.132 	50.913512	37.176492	4.704007	2.396900	2.062761	52.273570	35.623515	4.664876	2.434980	2.196446	78.567775	130.724987	193.677047	10.298087	47.717067	41.984846
오후 3:50:54.166 	50.821755	36.763292	4.777293	2.457554	2.099378	52.049897	35.307699	4.767070	2.485454	2.229237	78.977875	131.862130	198.007251	9.487101	51.972759	38.540140
오후 3:50:55.139 	51.105621	36.539631	4.763432	2.446476	2.087142	52.310039	35.201009	4.754673	2.447245	2.179935	78.824353	133.491066	202.864802	8.789890	51.335314	39.874796
오후 3:50:56.136 	50.845196	36.708800	4.901964	2.500512	2.116326	52.128190	35.352967	4.835220	2.480355	2.222644	78.738641	134.570713	202.838764	8.481546	48.992923	42.525531
오후 3:50:57.149 	50.933647	36.793376	4.916304	2.533114	2.158145	51.918272	35.567718	4.916725	2.528466	2.237119	78.781473	134.075530	199.672490	8.059590	48.972781	42.967629
오후 3:50:58.159 	50.960280	36.880477	4.911491	2.478254	2.121031	52.088868	35.627966	4.843847	2.452942	2.187982	78.282625	135.419678	196.887877	7.831771	49.600609	42.567620
오후 3:50:59.164 	51.023911	36.867281	4.918743	2.437013	2.102395	52.156398	35.659482	4.843977	2.416334	2.139579	78.198087	136.499757	196.818115	5.985323	51.620434	42.394243
오후 3:51:00.198 	51.721092	36.342715	4.664766	2.410851	2.079061	52.467884	35.517899	4.620419	2.368571	2.120229	78.270537	135.616367	192.173697	5.985342	50.375180	43.639478
오후 3:51:01.165 	52.497641	35.677173	4.645784	2.407670	2.107671	53.225465	35.011173	4.554706	2.369152	2.100126	77.527566	135.303268	193.552249	6.220818	47.780688	45.998494
오후 3:51:02.174 	52.793399	35.580756	4.544345	2.366485	2.041172	53.509894	34.912738	4.480405	2.302468	2.052020	77.268293	136.416244	194.709405	6.030862	48.925340	45.043798
오후 3:51:03.162 	53.546142	34.952950	4.467144	2.285193	1.960019	54.198714	34.319286	4.417598	2.250356	1.976024	77.845688	138.296178	196.634964	8.300991	46.805142	44.893867
오후 3:51:04.232 	53.605287	34.211806	4.873415	2.418967	1.991363	54.497862	33.587388	4.813983	2.298254	1.909713	77.380353	138.361949	196.380493	13.358988	38.660060	47.980952
오후 3:51:05.216 	54.535316	33.778625	4.709427	2.271435	2.035961	55.115608	33.310983	4.720030	2.231866	1.906946	77.027581	138.162836	196.573454	14.766394	36.128763	49.104843
오후 3:51:06.152 	54.860971	33.593789	4.695137	2.244908	2.012008	55.323282	33.225528	4.701441	2.210797	1.874418	77.027581	138.162836	198.780509	12.910293	36.302164	50.787543
오후 3:51:07.177 	55.120358	33.526967	4.634257	2.197703	1.937667	55.216313	33.402932	4.722636	2.186412	1.816581	76.591115	138.356743	199.727739	11.976949	37.276546	50.746505
오후 3:51:08.165 	55.655974	33.222653	4.509354	2.121121	1.773530	56.258030	32.863363	4.473294	2.076085	1.592068	76.591115	138.356743	197.787800	9.766759	39.579529	50.653712
오후 3:51:09.183 	55.602280	33.322631	4.565388	2.100756	1.778707	56.285076	32.913796	4.505695	2.044302	1.594152	76.371147	138.535136	194.688946	8.607391	41.548803	49.843806
오후 3:51:10.178 	55.361174	33.669615	4.372606	2.096083	1.730538	56.053966	33.332310	4.339616	2.034241	1.489985	76.142406	138.927971	195.922126	9.100053	41.197439	49.702508
오후 3:51:11.182 	56.728360	32.818792	4.280232	1.971280	1.616267	57.521762	32.409000	4.236055	1.928173	1.374672	76.338551	141.398103	198.806345	8.303767	43.983490	47.712743
오후 3:51:12.223 	55.859377	32.995516	4.442049	2.117291	2.014737	56.784013	32.685251	4.205441	2.081812	1.697312	75.817815	140.237141	194.985905	6.652033	45.042314	48.305652
오후 3:51:13.187 	55.714331	33.062139	4.454003	2.136843	2.046664	56.623949	32.741113	4.239550	2.113991	1.746696	75.316493	134.182133	191.773833	7.803257	42.240277	49.956466
오후 3:51:14.287 	52.570613	35.405173	4.764148	2.319956	2.193355	53.802126	34.824595	4.540928	2.270266	1.893697	75.254391	135.150963	193.157052	8.140037	43.434244	48.425719
오후 3:51:15.321 	52.602095	35.026227	4.895292	2.367922	2.251753	53.842195	34.465405	4.652751	2.325528	1.928093	75.141115	135.000525	193.157052	8.377383	42.858897	48.763719
오후 3:51:16.362 	52.623751	34.993515	4.934793	2.333888	2.266762	53.893383	34.392483	4.701930	2.304113	1.953126	75.165715	133.967847	191.633622	9.585598	41.587642	48.826760
오후 3:51:17.422 	52.698246	34.970537	4.959758	2.321868	2.238879	53.926391	34.402647	4.733564	2.286964	1.936822	75.152428	134.906538	192.880365	9.522307	38.944820	51.532873
오후 3:51:18.410 	52.729145	34.977919	4.967489	2.290367	2.224847	53.996748	34.363955	4.740234	2.263671	1.919924	75.220372	134.933942	192.781452	9.273130	38.476758	52.250112
오후 3:51:19.472 	52.788108	34.944800	4.970741	2.296895	2.201704	54.073081	34.312576	4.761095	2.239338	1.906255	75.322520	134.617481	190.582371	10.011164	39.337647	50.651190
오후 3:51:20.450 	52.921311	34.727617	5.002937	2.250306	2.145880	54.104618	34.106218	4.810132	2.198510	1.857208	75.059973	132.129601	189.147907	10.960857	31.203090	57.836053
오후 3:51:21.444 	52.912470	34.532247	5.186902	2.416520	2.240863	53.928166	34.141922	4.970168	2.315540	1.955297	75.048860	132.009972	188.769615	12.490528	30.646110	56.863362
오후 3:51:22.509 	53.000786	34.514173	5.138053	2.394433	2.202799	54.017695	34.104499	4.944065	2.294960	1.929655	75.310898	132.910442	187.564467	13.502158	35.290860	51.206982
오후 3:51:23.462 	53.013752	34.522826	5.136019	2.389074	2.189035	54.038030	34.102458	4.942475	2.288314	1.925375	75.659291	134.179638	181.782329	13.913890	34.576646	51.509464
오후 3:51:24.438 	51.666521	35.751053	5.223448	2.339611	2.132091	52.890186	35.144326	5.001726	2.271192	1.888496	75.607724	133.577242	177.884552	15.392155	35.407487	49.200358
오후 3:51:25.414 	52.016153	35.069310	5.488069	2.429621	2.200404	52.815508	34.885530	5.228318	2.360710	1.965421	75.613450	133.512339	176.225567	12.825738	37.569397	49.604865
오후 3:51:26.384 	53.048436	34.213851	5.561383	2.305557	2.133172	53.692452	34.045393	5.390086	2.268378	1.890335	75.197710	131.912371	170.228178	11.113428	40.761403	48.125168
오후 3:51:27.326 	52.354876	34.685629	5.564130	2.352578	2.174563	52.826633	34.682149	5.430647	2.316946	1.936655	75.451027	130.282140	164.669493	9.140074	39.550864	51.309063
오후 3:51:28.347 	52.422733	34.649896	5.564477	2.332859	2.178037	52.971213	34.592046	5.410745	2.295411	1.924710	74.876256	131.306585	162.036558	7.667415	41.006111	51.326474
오후 3:51:29.376 	52.000531	34.482267	5.788616	2.566404	2.256352	52.461765	34.597025	5.635874	2.488179	2.005455	74.667452	131.654605	160.956024	8.897439	36.032441	55.070120
오후 3:51:30.405 	52.367476	34.633102	5.588697	2.387072	2.203266	52.894518	34.632093	5.469796	2.318643	1.956015	74.683955	131.425402	160.940709	10.147464	36.186337	53.666199
오후 3:51:31.427 	52.498803	34.624555	5.558649	2.358014	2.159344	53.097224	34.551829	5.417378	2.300734	1.918924	74.612497	132.344847	156.459445	10.270140	35.835080	53.894780
오후 3:51:32.456 	52.513895	34.632292	5.577495	2.341657	2.129268	53.180191	34.537869	5.417646	2.262482	1.892396	74.590538	132.040159	157.092082	10.207860	35.865988	53.926152
오후 3:51:33.437 	52.257599	34.380670	5.814695	2.463678	2.231280	52.809456	34.466263	5.626650	2.386155	1.960165	74.965614	131.605318	152.674690	10.227233	35.767829	54.004938
오후 3:51:34.499 	52.442338	34.791032	5.532885	2.341924	2.070399	53.171016	34.702965	5.386058	2.226840	1.811758	74.943446	131.341600	152.583176	9.733778	36.287715	53.978506
오후 3:51:35.550 	51.384781	35.059998	5.785154	2.485833	2.172774	51.929106	34.984213	5.722503	2.419286	1.928738	74.948987	131.433521	152.786124	10.588743	36.205398	53.205859
오후 3:51:36.479 	51.736227	34.704984	5.796940	2.542293	2.213618	51.957606	34.999486	5.760174	2.459875	1.956196	74.541176	130.171852	157.625407	11.910910	35.734407	52.354684
오후 3:51:37.446 	52.267611	34.122511	5.742352	2.543678	2.207600	52.244101	34.712635	5.716656	2.447174	1.937619	74.045723	129.637402	157.625407	10.611957	38.943588	50.444455
오후 3:51:38.402 	51.496221	34.418283	5.755977	2.655931	2.362634	51.618999	34.846754	5.785208	2.588028	2.055374	73.604879	130.663753	157.635087	13.478399	34.410655	52.110946
오후 3:51:39.445 	51.653997	34.681227	5.680129	2.550240	2.262105	51.724346	35.148019	5.627759	2.476248	1.964933	73.322725	130.417537	155.596591	13.474184	34.416078	52.109739
오후 3:51:40.489 	51.702044	34.666911	5.689588	2.532022	2.255690	51.757308	35.153960	5.631656	2.453065	1.963101	73.347047	131.788715	154.636444	11.522011	33.930587	54.547402
오후 3:51:41.418 	51.401244	33.899431	5.901275	2.761567	2.424395	51.136826	34.834961	5.842894	2.663464	2.102113	72.918493	131.784261	154.648007	13.966721	35.596289	50.436990
오후 3:51:42.404 	49.839341	34.488797	6.528820	2.967124	2.406213	50.232584	34.724805	6.506017	2.846033	2.085681	72.950460	132.245874	160.030409	12.038551	34.175757	53.785692
오후 3:51:43.357 	51.205317	33.612566	6.060215	2.663442	2.318861	51.543563	33.985989	6.011550	2.480047	2.000172	72.817124	132.215284	166.608282	11.278218	33.829934	54.891849
오후 3:51:44.341 	51.092502	33.679878	6.045574	2.746276	2.452813	50.574346	34.616500	6.200577	2.563105	2.119728	72.743169	133.067581	167.818934	11.436592	33.031990	55.531418
오후 3:51:45.315 	51.090785	33.635553	6.047722	2.746903	2.462963	50.716104	34.532450	6.188459	2.549657	2.115049	72.589792	133.644282	170.703712	11.830129	31.840937	56.328933
오후 3:51:46.306 	51.083389	33.674561	6.020156	2.755272	2.471531	50.667367	34.600371	6.177201	2.567347	2.119380	72.239859	132.541412	167.189007	11.625643	31.236355	57.138003
오후 3:51:47.303 	50.222495	33.363608	6.330230	2.935413	2.638157	49.664848	34.502866	6.474143	2.736709	2.260445	72.065829	131.321110	165.591427	11.713157	31.101109	57.185734
오후 3:51:48.333 	49.430399	33.022705	6.479093	3.135144	2.836991	48.590830	34.421533	6.650250	2.991100	2.426788	72.463347	133.721273	165.611583	11.293334	32.014234	56.692431
오후 3:51:49.360 	46.811622	33.946308	7.374663	3.676461	2.964901	46.017154	35.324678	7.523257	3.596872	2.612743	72.500182	133.426596	165.502856	9.713774	34.228543	56.057684
오후 3:51:50.309 	49.714490	32.939558	6.544298	3.226916	2.848895	48.758178	34.379085	6.756237	3.084355	2.466631	72.107468	131.816934	165.522302	8.793174	32.874986	58.331840
오후 3:51:51.334 	49.503124	32.780058	6.739100	3.498905	2.972708	48.943048	33.872935	6.927669	3.275221	2.575603	71.775701	130.009410	161.898188	7.715005	32.359206	59.925789
오후 3:51:52.313 	49.531545	32.816820	6.679121	3.366659	3.030915	48.966446	33.967271	6.790782	3.186588	2.545684	71.863528	129.552485	156.564016	7.143206	33.679725	59.177069
오후 3:51:53.342 	48.765734	32.875929	7.395670	3.312820	2.932584	48.168545	33.990411	7.556698	3.102239	2.460750	71.411201	126.534999	150.298648	6.192830	33.470284	60.336886
오후 3:51:54.375 	52.585384	30.879045	6.143586	2.908169	2.535585	53.550768	31.045618	6.028851	2.646790	2.041605	71.370362	127.029147	150.409648	5.064569	32.466588	62.468843
오후 3:51:55.348 	52.305220	31.640293	6.133214	2.803783	2.475869	53.312180	31.980479	5.905450	2.473476	1.978688	71.724138	130.044672	156.818120	5.576205	37.245675	57.178120
오후 3:51:56.353 	52.388223	31.440046	6.197233	2.824066	2.460405	53.466051	31.791685	5.952263	2.467360	1.970970	72.086643	130.379886	157.061188	3.980939	43.786522	52.232539
오후 3:51:57.372 	52.374298	31.398451	6.269015	2.801164	2.453047	53.458054	31.716172	6.033329	2.462822	1.965552	72.473868	130.583747	156.893359	3.570893	42.911194	53.517914
오후 3:51:58.435 	52.325275	31.377157	6.384260	2.786584	2.443434	53.385987	31.664843	6.158948	2.447994	1.964060	72.785595	131.441049	156.866004	1.797880	39.877838	58.324281
오후 3:51:59.448 	52.306604	31.325054	6.440597	2.776868	2.446589	53.351023	31.599047	6.231678	2.440717	1.969116	73.110721	131.668954	156.840924	0.430697	40.276278	59.293025
오후 3:52:00.455 	52.202950	31.338594	6.575084	2.787027	2.441427	53.226449	31.562974	6.395993	2.457721	1.977806	73.563218	132.494737	152.346880	0.417312	40.270333	59.312355
오후 3:52:01.445 	52.147120	31.273517	6.668845	2.792379	2.443273	53.168167	31.498485	6.506929	2.455821	1.977895	73.175022	131.799263	157.032343	0.628514	40.497062	58.874424
오후 3:52:02.420 	51.419814	31.802727	6.840649	2.783821	2.431062	52.637674	31.849021	6.661455	2.473727	1.979883	72.828069	130.866158	152.722011	0.364652	45.195928	54.439420
오후 3:52:03.357 	51.173031	31.824894	7.087453	2.951803	2.573252	52.332956	31.907515	6.870379	2.611136	2.081413	72.971788	129.838976	152.694689	0.416334	45.662255	53.921411
오후 3:52:04.419 	50.876574	31.940122	7.222720	2.971890	2.576718	52.101528	31.995065	7.017244	2.632610	2.094056	72.993128	129.732146	149.781418	0.352032	43.682197	55.965770
오후 3:52:05.390 	50.586527	31.199621	7.799355	3.150686	2.673233	51.957391	31.138186	7.493988	2.819239	2.177819	72.801517	127.952967	145.839237	0.373784	42.038622	57.587594
오후 3:52:06.364 	50.655725	31.486656	7.583975	3.061532	2.665166	52.054173	31.447370	7.320548	2.712986	2.158698	72.934473	127.219147	145.796726	0.461679	42.043909	57.494412
오후 3:52:07.375 	50.034914	31.559927	7.951402	3.260988	2.790449	51.558381	31.598737	7.660107	2.896914	2.241095	72.969121	128.381908	147.284315	0.716662	40.709014	58.574324
오후 3:52:08.370 	50.600473	31.275160	7.849823	3.273991	2.825384	52.371927	30.936548	7.579227	2.902061	2.287851	72.925816	128.915644	142.182833	0.700166	41.312772	57.987062
오후 3:52:09.429 	50.728017	30.439344	8.168656	3.521033	2.956834	52.731492	29.942126	7.901304	3.169102	2.415063	72.490229	127.729601	138.219863	1.856627	42.917911	55.225462
오후 3:52:10.486 	48.718306	32.185738	8.086009	3.590889	3.059035	50.615602	31.784118	7.906903	3.247478	2.518095	72.216998	128.715463	137.143592	2.635135	36.627614	60.737251
오후 3:52:11.439 	48.963897	30.821800	8.569107	3.753651	3.321726	50.804908	30.572170	8.385521	3.338785	2.708468	72.573962	130.736210	143.025571	2.548013	36.050218	61.401770
오후 3:52:12.432 	50.119117	30.673825	8.489855	3.648951	2.536934	51.543007	30.704265	8.269821	3.191828	2.077589	72.785595	132.427725	143.042240	3.199559	36.586005	60.214436
오후 3:52:13.399 	48.597607	31.435886	9.071432	3.537019	2.372285	50.574520	30.788089	8.770781	3.083043	1.898045	72.621472	132.886302	146.706375	2.519003	37.564154	59.916843
오후 3:52:14.452 	48.255121	32.402598	8.827223	3.660431	2.312679	49.924173	32.018821	8.648177	3.254348	1.871645	72.436814	134.096396	147.761259	1.714644	39.100347	59.185009
오후 3:52:15.465 	49.626594	31.430067	8.586674	3.563004	2.427715	51.325182	31.143650	8.358693	3.074987	1.882958	72.394138	133.950241	148.252188	1.581883	43.275435	55.142683
오후 3:52:16.447 	49.669310	31.598252	8.480147	3.541115	2.353856	51.348170	31.333819	8.236569	3.056788	1.782953	72.420804	134.055369	148.275059	1.875517	42.730961	55.393521
오후 3:52:17.402 	49.933019	31.403186	8.462094	3.487423	2.321787	51.670168	31.095791	8.217397	3.008093	1.751238	72.253582	132.966600	147.392206	2.591778	44.087803	53.320420
오후 3:52:18.416 	50.134519	31.580398	8.377734	3.374797	2.250624	51.582624	31.486070	8.145911	2.932022	1.698970	72.102098	133.950989	148.475840	2.700143	44.332704	52.967153
오후 3:52:19.448 	48.087283	32.010937	9.028491	3.920417	2.396901	49.332380	31.922112	8.962776	3.516159	1.902233	71.917478	134.972020	147.638271	2.148783	45.481165	52.370052
오후 3:52:20.440 	49.818626	31.583249	8.488373	3.532296	2.361468	51.676246	31.337251	8.207388	3.071050	1.779290	71.483421	134.863762	147.687478	1.102141	46.172596	52.725263
오후 3:52:21.445 	49.787796	31.617587	8.552789	3.513312	2.348352	51.657167	31.330345	8.270178	3.058363	1.750135	72.128305	145.341293	156.096574	0.738814	50.407494	48.853692
오후 3:52:22.445 	50.002553	31.635950	8.422709	3.397822	2.284718	51.920907	31.265959	8.162016	2.935541	1.695039	72.091848	144.667899	158.035755	0.605289	54.357336	45.037375
오후 3:52:23.454 	50.322188	31.465979	8.451657	3.350886	2.256776	52.286115	31.022615	8.179242	2.910610	1.671031	72.298301	146.302474	155.529870	0.408355	53.580967	46.010678
오후 3:52:24.468 	50.518919	30.711662	8.616486	3.665045	2.400404	52.917781	30.147068	8.281244	3.073105	1.737898	72.650950	148.141552	155.546220	0.810848	49.951429	49.237723
오후 3:52:25.458 	46.614895	31.367934	10.293284	4.641800	2.612697	48.694821	30.761276	9.881846	4.082474	2.073444	73.034175	150.029441	155.328071	1.095850	48.724859	50.179290
오후 3:52:26.476 	47.199384	30.752181	9.831925	4.851280	2.675928	50.119653	30.249854	9.095919	4.083628	2.019137	73.498318	150.734261	155.315596	1.011429	49.613342	49.375229
오후 3:52:27.441 	50.771060	30.029182	8.526216	3.997567	2.511830	53.314774	29.502612	7.940067	3.308620	1.845969	73.542306	150.231089	160.302875	1.349324	48.004025	50.646651
오후 3:52:28.518 	51.002944	30.052029	8.386640	3.943172	2.491631	53.518070	29.490827	7.844321	3.293202	1.826752	73.487329	150.763181	160.234114	1.727302	46.538544	51.734154
오후 3:52:29.509 	50.996649	30.047926	8.400921	3.934515	2.483878	53.521995	29.471802	7.852896	3.283731	1.830244	73.558815	150.102070	160.342909	1.705211	46.526300	51.768489
오후 3:52:30.503 	50.955345	30.049799	8.414102	3.944392	2.483000	53.499843	29.454026	7.857653	3.298324	1.834652	73.680108	148.948917	154.533133	1.375976	47.047596	51.576428
오후 3:52:31.453 	50.915776	30.093910	8.413847	3.942689	2.464771	53.518513	29.458560	7.853658	3.290759	1.832383	73.246405	148.358636	154.608346	1.344173	46.973066	51.682761
오후 3:52:32.468 	49.011428	32.102394	8.432864	3.716500	2.342082	51.606946	31.338226	7.916709	3.131964	1.737788	72.801600	149.113911	154.721097	1.101602	45.503243	53.395155
오후 3:52:33.504 	49.985824	31.521872	8.360948	3.646956	2.300539	52.218076	31.005196	7.870321	3.107443	1.721160	72.452830	148.161489	154.873650	1.019979	46.525470	52.454551
오후 3:52:34.546 	50.739951	30.046121	8.740856	3.917257	2.509888	52.906084	29.877557	8.150896	3.344850	1.839496	71.970130	146.032172	149.851149	1.052854	47.200741	51.746405
오후 3:52:35.497 	50.482386	29.980638	9.054975	3.923561	2.547462	52.338882	30.132847	8.389889	3.309071	1.894547	72.138728	147.926346	154.886784	1.053278	47.322296	51.624426
오후 3:52:36.493 	50.338309	29.916964	9.329943	3.914136	2.516736	52.112686	30.064564	8.701919	3.316749	1.875886	72.330219	148.018164	156.073189	1.058296	47.715427	51.226277
오후 3:52:37.512 	50.215289	29.839886	9.501364	3.925102	2.529891	52.006681	29.988101	8.879469	3.326993	1.886175	72.216998	147.049566	159.331641	1.639180	46.377450	51.983370
오후 3:52:38.508 	50.123182	29.655847	9.876905	3.922349	2.523821	51.859408	29.844533	9.284173	3.326773	1.894993	72.558140	148.276670	163.927295	1.902224	46.592021	51.505755
오후 3:52:39.547 	49.102721	29.670058	10.359617	4.262890	2.719224	51.329532	29.518439	9.806444	3.620750	2.052435	72.573962	148.118217	167.956684	1.855880	46.814010	51.330109
오후 3:52:40.573 	49.123831	29.570681	10.359069	4.279691	2.731371	51.382019	29.420892	9.777163	3.634688	2.059375	72.579238	148.057261	162.774251	1.606314	46.099740	52.293946
오후 3:52:41.551 	49.216775	29.554661	10.349938	4.272429	2.707839	51.455200	29.362666	9.770036	3.633447	2.050422	72.227447	146.577570	158.930109	0.633847	48.067942	51.298212
오후 3:52:42.572 	49.269371	29.536629	10.374696	4.250082	2.681272	51.481790	29.322435	9.781198	3.654333	2.046631	71.938529	145.092373	149.965862	0.772718	47.594861	51.632422
오후 3:52:43.633 	47.992256	28.354323	12.050322	4.975420	2.780418	50.417825	28.099406	11.290353	4.470427	2.239160	71.870156	145.739415	150.053049	0.599854	46.111943	53.288203
오후 3:52:44.720 	47.254321	31.145468	10.789809	4.373290	2.635659	49.712074	30.882719	10.067999	3.731731	2.033967	71.828146	146.021248	150.111146	0.613928	44.423722	54.962350
오후 3:52:45.713 	48.037830	30.557248	10.706132	4.302256	2.579376	50.466565	30.292114	9.989992	3.669229	2.013524	72.024239	146.349673	144.661510	0.629803	44.340960	55.029237
오후 3:52:46.728 	48.032517	30.517103	10.777880	4.259229	2.542463	50.417037	30.288783	10.042558	3.648130	2.000123	71.348527	145.396662	145.839146	0.718633	42.730145	56.551221
오후 3:52:47.767 	47.744962	30.862850	10.804639	4.265120	2.529947	49.817462	30.907457	10.084793	3.617577	1.957767	70.824207	144.017548	141.112436	0.974276	42.409974	56.615751
오후 3:52:48.784 	47.758494	30.854683	10.824695	4.319622	2.489997	49.790257	30.869952	10.109507	3.698873	1.957656	70.768123	144.397007	141.301112	1.011796	42.803889	56.184316
오후 3:52:49.796 	46.786073	32.389511	10.378671	4.073776	2.362386	48.545128	32.332646	9.675553	3.607756	1.903901	71.431638	150.216089	146.851753	0.296696	43.186120	56.517185
오후 3:52:50.823 	47.341718	31.889056	10.361611	4.050168	2.363760	49.134160	31.813138	9.677019	3.580762	1.905959	71.920473	154.936756	146.907754	0.715797	41.362856	57.921346
오후 3:52:51.783 	47.403248	31.774196	10.385464	4.105011	2.375832	49.091869	31.755631	9.699590	3.628543	1.941727	71.915292	154.947409	152.479063	0.223601	40.741407	59.034991
오후 3:52:52.747 	48.420287	31.830578	9.945150	3.831874	2.194247	49.841346	31.759596	9.377558	3.428343	1.861302	71.977507	154.568281	152.404773	0.151777	40.400882	59.447341
오후 3:52:53.728 	44.115849	34.776041	10.865973	4.354489	2.501650	43.480939	36.248854	10.505497	4.063193	2.194492	72.081438	153.678676	152.416505	0.366813	42.428540	57.204647
오후 3:52:54.787 	43.241022	33.893844	11.799870	4.879732	2.901160	42.739688	34.537879	11.801850	4.702978	2.655270	72.211775	151.851109	147.448811	1.124123	41.116078	57.759799
오후 3:52:55.805 	42.655000	33.418770	12.271666	5.079742	3.072197	41.707400	34.174705	12.388543	5.045431	2.880427	71.956757	150.879818	150.140728	1.595755	40.928049	57.476196
오후 3:52:56.805 	42.648287	33.558067	12.159846	5.081738	3.091975	41.687542	34.256541	12.391810	5.070176	2.909569	71.967130	151.007589	152.354705	1.326833	40.563416	58.109751
오후 3:52:57.803 	44.389732	34.774935	10.637739	4.470066	2.735004	43.370685	35.458917	10.934048	4.472989	2.583856	71.667504	150.008245	155.133646	1.626548	40.703055	57.670396
오후 3:52:58.822 	44.406478	34.838152	10.462377	4.505479	2.744134	43.417901	35.531660	10.729319	4.501326	2.581802	71.974441	156.908135	156.143293	2.046873	40.522202	57.430925
오후 3:52:59.872 	44.444636	34.910539	10.327118	4.521888	2.748731	43.448119	35.620983	10.601733	4.510154	2.597400	71.080735	146.869161	150.218518	1.810562	40.519299	57.670139
오후 3:53:00.838 	44.503667	34.987398	10.108299	4.549242	2.770354	43.572643	35.740258	10.330830	4.518552	2.590119	71.060498	147.037093	150.377149	1.398013	40.282032	58.319954
오후 3:53:01.823 	44.700630	35.001891	9.845537	4.607667	2.780672	43.751482	35.769742	10.034673	4.568893	2.608501	71.009957	147.422004	150.148668	1.324846	39.764148	58.911007
오후 3:53:02.818 	45.152302	33.882848	9.901038	5.117541	2.847744	43.770003	35.236493	10.022471	5.035313	2.658395	70.863794	148.169073	150.131994	1.280520	39.139734	59.579746
오후 3:53:03.788 	45.600034	34.236442	9.601268	4.674118	2.805896	44.308084	35.434800	9.743063	4.602870	2.638645	70.763343	148.686053	149.794151	1.291676	38.901138	59.807186
오후 3:53:04.793 	47.456642	34.080172	8.529111	4.291915	2.585329	46.287693	35.077050	8.722221	4.239310	2.444219	70.549734	150.111096	150.402905	1.286641	38.930791	59.782568
오후 3:53:05.803 	47.235445	35.014273	8.229274	3.911933	2.373513	45.962064	36.131046	8.371036	3.900698	2.231151	70.630838	149.790475	150.577527	1.287739	39.002887	59.709374
오후 3:53:06.772 	48.219284	34.823442	8.023371	3.714553	2.264252	47.153696	35.795294	8.143138	3.669616	2.153687	70.758327	147.782832	149.381347	1.071762	39.337590	59.590648
오후 3:53:07.762 	48.623770	34.564554	7.902405	3.684112	2.284970	47.485610	35.601810	8.034849	3.631094	2.175223	70.954445	147.296103	149.530503	0.848317	40.483411	58.668271
오후 3:53:08.723 	46.697317	35.596959	8.299551	3.879321	2.333065	45.885189	36.581943	8.334796	3.774807	2.209346	71.111111	146.528314	149.626139	1.083015	40.105860	58.811126
오후 3:53:09.758 	48.043949	35.019152	7.980482	3.637840	2.336920	47.048648	36.072567	8.019374	3.572831	2.210167	71.314286	145.725070	143.665919	1.302830	41.634554	57.062616
오후 3:53:10.710 	47.261301	35.961129	8.033886	3.552760	2.287798	46.365146	36.836295	8.131891	3.504226	2.149044	71.085796	143.407310	143.636875	0.797040	38.177962	61.024998
오후 3:53:11.722 	49.392937	34.480947	7.687878	3.410375	2.209753	48.456645	35.403862	7.802147	3.337187	2.079974	70.743894	140.522324	139.039371	0.312019	39.023460	60.664520
오후 3:53:12.756 	49.311880	34.517300	7.695081	3.402597	2.262418	48.410350	35.379056	7.813641	3.326298	2.159422	70.857622	140.270312	139.299138	0.040825	40.422413	59.536762
오후 3:53:13.648 	49.385567	34.423108	7.707598	3.654815	2.381714	48.778707	34.666706	7.884981	3.632846	2.439858	70.931990	140.098476	138.785038	0.012403	41.626706	58.360891
오후 3:53:14.649 	54.050508	31.111557	6.844730	3.199989	2.385708	51.615715	32.275120	7.169740	3.408380	2.875811	71.171019	142.821240	141.548450	0.027074	41.859102	58.113824
오후 3:53:15.622 	53.239163	31.690892	6.863876	3.200127	2.362214	51.045308	32.556031	7.153869	3.378888	2.839663	71.446895	145.829655	147.340646	0.025759	43.194904	56.779337
오후 3:53:16.642 	52.078074	33.699740	6.555980	3.014820	2.238053	48.920649	35.572594	6.830688	3.188730	2.704476	71.451931	143.751910	143.206310	0.054266	41.835141	58.110593
오후 3:53:17.660 	52.395922	33.592536	6.571893	2.910760	2.167332	48.216751	36.587737	6.935366	3.057453	2.593284	72.056294	153.264114	147.902788	0.844602	43.482677	55.672721
오후 3:53:18.637 	52.853448	33.186483	6.525456	2.843663	2.107546	50.183806	34.964801	6.629369	2.928048	2.507199	72.657441	153.765251	150.329505	1.337873	43.928657	54.733470
오후 3:53:19.694 	52.734078	33.160241	6.609229	2.829016	2.136798	50.118472	34.904543	6.665755	2.926843	2.560929	73.106486	153.667602	142.597177	1.627604	48.110671	50.261725
오후 3:53:20.649 	51.354116	33.925167	6.824431	2.913261	2.123653	48.639094	35.582144	6.863729	2.995220	2.588600	72.765326	146.113769	137.999614	2.943688	47.329176	49.727136
오후 3:53:21.636 	51.791328	33.200683	6.757649	2.885680	2.181034	49.071035	34.842035	6.805513	2.985534	2.672596	73.030345	147.103505	136.969220	3.235305	46.660412	50.104283
오후 3:53:22.646 	52.264518	32.385355	7.034745	2.966040	2.188083	49.683859	33.984957	6.945392	3.110846	2.717484	72.999720	146.634889	136.961738	3.388460	46.096730	50.514810
오후 3:53:23.673 	51.574721	33.563441	6.540525	2.876153	2.200257	49.022263	34.991120	6.578174	3.041658	2.748721	73.009926	146.788249	136.961738	5.289414	45.097546	49.613040
오후 3:53:24.649 	51.616628	33.410374	6.503365	2.974203	2.344161	49.174614	34.844673	6.532495	3.114652	2.866226	72.744752	145.786697	137.987886	6.756158	46.254120	46.989721
오후 3:53:25.671 	50.934514	33.231367	6.573003	3.252188	2.773707	47.520999	35.903008	6.502065	3.341248	3.083318	72.780764	146.369404	132.256908	8.034811	43.814470	48.150719
오후 3:53:26.705 	50.878753	33.077013	6.559977	3.322380	2.928663	48.345708	35.036427	6.417314	3.353718	3.214880	72.953368	146.611014	133.262459	8.758867	45.483281	45.757852
오후 3:53:27.665 	50.382520	32.976254	6.693233	3.365358	3.309439	47.773461	35.116430	6.494442	3.403164	3.517968	73.148216	146.659226	134.149442	9.596319	45.472303	44.931379
오후 3:53:28.693 	50.334850	33.429910	6.520414	3.286193	3.348513	47.892297	35.483378	6.330676	3.327395	3.517562	73.279165	147.337943	135.195597	8.479761	44.176463	47.343777
오후 3:53:29.679 	50.253402	33.417580	6.524229	3.318819	3.388877	47.831139	35.478787	6.346731	3.348002	3.531468	73.801098	148.317233	136.183066	7.898671	47.425727	44.675602
오후 3:53:30.695 	50.075167	33.728402	6.467121	3.232710	3.305893	47.752987	35.659229	6.335707	3.281924	3.462405	74.343190	146.028544	134.793704	8.535925	46.403298	45.060777
오후 3:53:31.685 	49.729163	34.350064	6.386631	3.118203	3.211082	47.321252	36.332142	6.216312	3.210174	3.399316	74.540491	145.379014	134.850292	8.964829	45.245439	45.789732
오후 3:53:32.694 	49.815051	33.847160	6.404656	3.294897	3.313885	47.149949	36.024491	6.263713	3.398567	3.526174	75.155963	148.091997	138.423856	7.643599	43.841456	48.514945
오후 3:53:33.738 	49.962237	33.957156	6.296904	3.228908	3.280334	47.293880	36.052862	6.236957	3.347859	3.508190	75.374942	146.283499	136.648756	6.398921	45.763195	47.837884
