Time	Fp1_Delta(%)	Fp1_Theta(%)	Fp1_Alpha(%)	Fp1_Beta(%)	Fp1_Gamma(%)	Fp2_Delta(%)	Fp2_Theta(%)	Fp2_Alpha(%)	Fp2_Beta(%)	Fp2_Gamma(%)	Heartbeat(bpm)	SDNN(ms)	RMSSD(ms)	VLF(%)	LF(%)	HF(%)
오후 8:25:14.464 	20.692166	30.454019	17.044655	15.806179	7.784271	22.319202	31.214797	20.449132	11.339295	5.963871	115.710662	19.311027	24.388074
오후 8:25:15.442 	20.737603	30.896652	16.770885	15.591641	7.796905	22.391715	31.370260	20.601307	11.167274	5.872430	115.639548	19.292398	24.320253
오후 8:25:16.487 	20.788783	31.121976	16.716289	15.512441	7.766643	22.461302	31.827073	20.588445	10.983966	5.767763	115.623157	19.337748	24.319478
오후 8:25:17.455 	20.852080	31.264300	16.716132	15.419631	7.713038	22.736352	31.756904	20.572496	10.887241	5.705510	115.641105	19.433433	24.579517
오후 8:25:20.364 	20.993798	31.305258	16.573422	15.277542	7.736306	22.938595	32.094033	20.324153	10.642206	5.625955	115.580198	19.543494	24.806929
오후 8:25:21.629 	21.103120	31.424938	16.724888	15.065896	7.636547	23.242507	31.959805	20.235498	10.467871	5.584749	115.552740	19.383099	24.550401
오후 8:25:21.981 	21.191616	31.691537	16.484094	15.037801	7.667483	23.486369	32.100871	20.165989	10.369997	5.566622	115.598511	19.616189	24.875542
오후 8:25:22.315 	21.370714	31.780739	16.264426	14.957187	7.626462	23.597604	32.464144	20.043819	10.228905	5.432100	115.736041	19.898991	24.875542
오후 8:25:22.650 	21.514800	31.601846	16.273304	14.815146	7.700327	24.101415	31.957562	20.023382	10.264611	5.401635	115.833464	19.962180	24.876985
오후 8:25:23.493 	21.504577	31.662821	16.127835	14.866321	7.690215	24.288017	32.224352	19.700243	10.264659	5.348000	115.883100	19.899850	25.112597
오후 8:25:24.478 	21.530877	31.459653	16.218979	14.882768	7.650041	24.504309	32.182581	19.696470	10.115188	5.226176	115.878978	19.844283	25.204116
오후 8:25:25.529 	21.588099	31.500832	16.365157	14.819624	7.617779	24.658391	32.279616	19.741344	10.047390	5.077273	115.888086	19.771683	25.137114
오후 8:25:26.482 	21.646442	31.518394	16.383041	14.713474	7.597794	25.047686	32.150952	19.806295	9.791718	5.066594	115.929038	19.670110	25.101013
오후 8:25:27.534 	21.732124	31.406203	16.506087	14.725814	7.600144	25.072481	32.291429	19.703085	9.751879	5.108284	115.951875	19.698732	25.153083
오후 8:25:28.567 	21.651144	31.642537	16.399820	14.666861	7.588648	25.277231	32.300907	19.447521	9.690185	5.081081	115.960994	19.633095	25.053910
오후 8:25:29.491 	21.570368	31.855180	16.150468	14.664618	7.586006	25.590226	32.427684	19.339072	9.478662	4.927604	115.869873	19.997016	25.082742
오후 8:25:30.548 	21.587883	31.721030	16.146396	14.642330	7.588753	25.711770	32.518369	19.332396	9.341212	4.899908	115.860768	20.028576	25.089145
오후 8:25:31.500 	21.595806	31.541421	16.096852	14.843288	7.565226	26.006224	32.570581	19.077730	9.281425	4.816171	115.956771	20.095010	25.222245
오후 8:25:32.504 	21.629997	31.614406	16.083119	14.804127	7.579787	26.237238	32.546113	19.037439	9.182078	4.785635	115.984421	19.972189	24.953726
오후 8:25:33.508 	21.714102	31.710053	15.981945	14.844715	7.533902	26.436184	32.677116	18.836984	9.007596	4.792260	116.002862	20.003392	25.099665
오후 8:25:34.537 	21.960418	31.568800	15.987426	14.730620	7.558158	26.581088	32.883694	18.765358	8.797758	4.740423	116.021309	20.074677	25.177153
오후 8:25:35.539 	21.926314	31.902411	15.812805	14.623178	7.560732	26.691246	32.933854	18.850846	8.621882	4.687992	116.045652	20.549332	25.515518
오후 8:25:36.517 	21.915865	32.051631	15.975117	14.629771	7.485046	26.958679	32.832228	18.745665	8.545497	4.667026	116.138996	20.984542	25.447910
오후 8:25:37.550 	22.162651	31.838914	15.834570	14.652055	7.571906	27.120168	32.928937	18.788776	8.347481	4.477403	116.243129	21.400044	25.468821
오후 8:25:38.534 	22.232838	32.145489	15.634792	14.579960	7.568440	27.254140	32.947027	18.843816	8.195446	4.418263	116.345081	21.666666	25.405006
오후 8:25:39.556 	22.375362	32.184303	15.795846	14.378685	7.515831	27.443924	32.939831	18.846804	8.054107	4.358064	116.261652	21.379194	25.526119
오후 8:25:40.538 	22.424942	32.331481	15.555857	14.455478	7.529205	27.477260	33.115092	18.819959	7.972782	4.263881	116.141356	21.258166	25.561071
오후 8:25:41.536 	23.072315	32.001334	15.421204	14.470795	7.591151	27.490264	33.205544	18.814689	7.840238	4.234124	115.989717	21.544350	25.717276
오후 8:25:42.608 	23.044289	32.258127	15.268010	14.444649	7.566337	27.510707	33.261138	18.897772	7.724276	4.181509	115.985710	21.660422	25.776360
오후 8:25:43.577 	23.444733	31.584156	15.328832	14.517656	7.594993	27.716800	33.165610	18.959070	7.646073	4.141244	115.775800	21.973397	25.573326
오후 8:25:44.570 	23.464676	31.776021	15.118386	14.422612	7.701239	27.830875	33.246129	18.904541	7.517829	4.133370	115.683038	22.023860	25.608588
오후 8:25:45.552 	23.575255	31.756395	15.129406	14.345305	7.693232	27.924519	33.334335	18.811782	7.457110	4.079887	115.590425	21.902108	25.595771
오후 8:25:46.567 	23.538696	31.791753	15.143326	14.331675	7.733832	28.226731	33.381410	18.611041	7.348526	4.061186	115.607669	21.783464	25.529299
오후 8:25:47.607 	23.595765	31.789293	15.178270	14.285720	7.685309	28.318965	33.414104	18.518993	7.312528	4.051801	115.452172	22.008136	25.643496	2.575097	38.702335	58.722568
오후 8:25:48.569 	23.707846	31.504567	15.249672	14.269200	7.646188	28.200395	33.627059	18.503290	7.238246	4.012133	115.443980	22.300228	27.124891	10.672945	32.496969	56.830087
오후 8:25:49.620 	23.644257	31.725187	15.149280	14.319134	7.574814	28.146641	33.871396	18.454171	7.190144	3.886306	115.426092	22.177843	27.215566	10.835615	32.384230	56.780154
오후 8:25:50.584 	23.513076	31.802656	15.335909	14.210282	7.525743	28.386970	33.663646	18.529748	7.174337	3.838542	115.435035	22.289130	27.358278	7.396031	39.633163	52.970806
오후 8:25:51.602 	23.667200	31.927214	15.247984	14.025417	7.497172	28.291500	33.840216	18.506130	7.129409	3.803926	115.381399	22.413175	27.773433	7.780346	39.255880	52.963774
오후 8:25:52.657 	23.880210	31.971216	15.233024	13.834212	7.490280	28.419751	33.976975	18.481028	7.081653	3.721513	115.389311	22.399362	27.798151	9.753373	40.705921	49.540706
오후 8:25:53.624 	23.965801	32.001415	15.256379	13.788783	7.374510	28.458493	33.976537	18.570953	7.070701	3.702543	115.359540	22.617817	28.066252	2.914048	28.201740	68.884212
오후 8:25:54.638 	24.328078	31.416176	15.260058	13.708849	7.343145	28.486868	34.183763	18.462030	7.019908	3.573498	115.414074	22.577166	28.053318	6.245898	16.614473	77.139628
오후 8:25:55.633 	24.401124	31.359052	15.328172	13.692931	7.276881	28.684467	34.057559	18.430392	6.955023	3.527411	115.470051	22.667510	28.171313	2.221311	22.004646	75.774043
오후 8:25:56.657 	24.539636	31.586287	15.042887	13.629909	7.226122	28.715320	33.963742	18.435396	7.030170	3.490039	115.479485	22.519944	28.092546	6.503774	16.648115	76.848111
오후 8:25:57.704 	26.167498	31.330913	14.667506	13.143302	6.997832	28.623354	34.223420	18.426872	6.939471	3.468935	115.516441	22.402759	28.077941	4.210369	17.315126	78.474505
오후 8:25:58.632 	26.176052	31.428269	14.714557	13.088902	6.964488	28.467912	34.638447	18.359951	6.876109	3.415947	115.425440	22.351805	27.795262	4.804465	16.920196	78.275339
오후 8:25:59.651 	26.221197	31.400288	14.671067	12.987657	7.052968	28.520834	34.730896	18.360299	6.784109	3.370433	115.238611	23.396494	28.029782	5.615245	17.135572	77.249183
오후 8:26:00.651 	26.324231	31.534651	14.590757	12.754987	6.995888	28.767599	34.596063	18.284466	6.683048	3.318420	115.283194	23.692281	29.372732	6.114010	17.797922	76.088067
오후 8:26:01.644 	26.584145	31.402228	14.554961	12.715487	6.966421	29.227143	34.301689	18.227460	6.585666	3.251724	115.242458	23.881156	28.523423	6.369738	17.874158	75.756104
오후 8:26:02.683 	26.574583	31.099312	14.629236	12.609035	6.971830	29.317578	34.601208	18.171656	6.354152	3.127254	115.142429	21.989572	24.757803	6.283979	17.877770	75.838251
오후 8:26:03.624 	34.191499	20.056673	16.791266	12.855002	6.760013	32.082715	26.478237	19.891711	7.948693	3.487426	115.074138	21.789506	24.312081	6.283979	17.877770	75.838251
오후 8:26:04.642 	14.620442	21.859285	22.157798	21.051788	11.991934	18.240018	29.902903	24.173603	13.253058	7.228667	115.115178	21.791228	24.204134	6.205576	17.950747	75.843676
오후 8:26:05.697 	14.626135	22.113588	22.106490	20.915865	12.000474	21.794165	28.643311	20.407115	13.456838	7.179619	115.065349	21.788609	24.320427	6.294869	17.886423	75.818708
오후 8:26:06.638 	14.604202	21.855427	22.342314	20.905519	11.985597	19.437147	30.365669	20.589739	14.991946	8.059233	115.083692	21.795818	24.411332	6.792129	21.246765	71.961105
오후 8:26:07.714 	14.767407	22.307379	21.979849	20.823651	11.899555	18.957759	29.660210	20.365033	15.655057	8.625116	115.092866	21.757866	24.441559	6.863274	20.730700	72.406026
오후 8:26:08.660 	14.862859	22.133788	22.260084	20.768337	11.987603	20.725719	28.979165	19.118568	15.576484	8.695801	115.212257	21.235405	24.340657	6.969722	20.962385	72.067893
오후 8:26:09.682 	15.348281	21.834736	22.125008	20.528734	11.990424	19.513282	29.822148	19.204526	15.720379	8.839568	115.187875	21.149457	24.257728	7.030688	21.074520	71.894791
오후 8:26:10.650 	15.700345	21.715862	22.225554	20.370631	11.811132	19.592233	29.838708	19.123380	15.673325	8.799886	115.221451	21.210773	24.357503	7.055534	21.004304	71.940162
오후 8:26:11.660 	15.664870	21.894914	22.132887	20.364518	11.795126	19.834905	30.106161	19.052454	15.412467	8.715762	115.278875	21.079861	24.240992	5.045088	26.192707	68.762205
오후 8:26:12.689 	15.854429	21.832703	22.147383	20.361249	11.824287	20.010144	30.075258	18.980198	15.377430	8.599693	115.285851	21.120844	24.333916	4.870280	25.473566	69.656154
오후 8:26:13.662 	15.790664	21.663797	22.124088	20.384559	11.773228	20.376340	30.025613	18.754844	15.333326	8.492176	115.267444	21.217808	24.387797	4.918947	25.039981	70.041072
오후 8:26:14.731 	16.374813	21.376364	22.052868	20.191681	11.829547	21.169283	29.622314	18.348070	15.268802	8.494794	115.313473	21.215052	24.595470	4.928801	24.919347	70.151852
오후 8:26:15.669 	16.119086	20.964056	22.470735	20.284736	11.886928	21.421798	29.369987	18.037989	15.371993	8.635194	115.433323	21.675845	24.658762	4.986489	24.790196	70.223315
오후 8:26:16.672 	16.166818	21.120116	22.404543	20.149003	11.857937	21.851985	28.739171	18.115559	15.438937	8.555376	115.379141	21.691100	25.465634	4.857307	25.015053	70.127640
오후 8:26:17.786 	16.738918	20.918320	22.341208	20.030699	11.803627	21.984745	28.585716	18.103663	15.470050	8.675319	115.353203	21.427880	25.549069	4.941727	26.779639	68.278634
오후 8:26:18.723 	17.534613	20.916389	22.235084	19.696922	11.640374	21.494216	29.245429	17.834731	15.459430	8.685137	115.318885	21.280991	25.418779	4.974097	28.147938	66.877965
오후 8:26:19.712 	17.757567	21.030514	22.045789	19.614180	11.604907	21.601419	29.221181	17.887593	15.373368	8.650220	115.202969	21.191794	25.446903	4.770136	28.858636	66.371228
오후 8:26:20.692 	17.987588	21.151849	21.975610	19.613809	11.558593	21.829363	29.470640	17.723203	15.235846	8.662872	115.069509	20.998845	25.343631	4.305924	30.813323	64.880754
오후 8:26:21.711 	17.886122	21.144529	22.103744	19.596146	11.637911	22.325833	28.992228	17.737298	15.170031	8.728917	114.984404	20.922234	25.347097	4.961983	26.237848	68.800169
오후 8:26:22.752 	17.760745	21.294762	21.905438	19.728114	11.623849	22.885836	28.588593	17.643138	15.047224	8.699831	114.961002	20.774078	24.947220	3.460379	38.853973	57.685649
오후 8:26:23.728 	17.685126	21.426439	21.968024	19.630965	11.767620	22.695777	28.847769	17.506016	15.144624	8.787492	114.973722	20.877802	24.959671	3.480341	39.094057	57.425601
오후 8:26:24.708 	17.917072	21.728314	21.412840	19.691942	11.725831	22.897881	28.786363	17.504518	15.075831	8.799847	114.995975	21.007380	24.959100	3.293710	38.957342	57.748948
오후 8:26:25.705 	18.042514	21.914824	21.285511	19.516935	11.749499	23.096851	28.933460	17.529518	14.992301	8.653798	114.903475	21.021298	25.022149	3.252983	38.867305	57.879712
오후 8:26:26.744 	18.264390	21.541678	21.189481	19.656187	11.714032	22.984985	29.411808	17.329788	14.905876	8.631426	114.925179	21.114843	25.159257	3.075154	38.922915	58.001931
오후 8:26:27.732 	18.353850	21.465250	21.096213	19.747608	11.728715	23.064779	29.430889	17.436430	14.907178	8.556149	114.979622	21.282081	25.406657	2.980342	39.074826	57.944832
오후 8:26:28.745 	18.485317	21.306100	21.001734	19.876404	11.687024	22.669958	29.870808	17.453248	14.864279	8.551360	115.196764	21.548392	26.174127	2.846690	39.756043	57.397266
오후 8:26:29.725 	18.445000	21.038132	21.076595	19.789994	11.618874	21.822880	30.270959	17.607658	14.965189	8.744867	115.219865	21.767919	26.362561	2.902054	39.365696	57.732251
오후 8:26:30.779 	18.448673	21.168871	21.091279	19.823520	11.607403	21.918886	30.419842	17.336532	15.016142	8.790566	115.213092	21.644360	26.330786	2.557889	38.993503	58.448608
오후 8:26:31.751 	18.691685	21.486977	21.029563	19.504544	11.546667	21.901202	30.715961	17.290070	14.807865	8.603353	115.274475	21.639427	26.217153	2.102291	39.474477	58.423231
오후 8:26:32.762 	18.814351	21.309070	20.790939	19.540221	11.561440	22.156096	31.021999	17.103798	14.870923	8.422359	115.291709	21.702477	26.203922	1.673178	40.254069	58.072754
오후 8:26:33.778 	18.439031	21.452005	20.771276	19.654222	11.558753	21.991748	31.120957	16.879770	15.046896	8.426710	115.232737	21.494855	26.106690	1.468770	40.434181	58.097049
오후 8:26:34.745 	18.795630	21.354600	20.686097	19.473231	11.429938	22.500495	30.916500	16.708082	14.904952	8.422846	115.110690	20.982605	25.999997	1.243889	40.463364	58.292747
오후 8:26:35.796 	18.202230	21.532220	20.696689	19.595198	11.473504	22.521406	30.830124	16.691609	14.929116	8.479033	115.075770	20.618765	25.880653	0.972656	40.530257	58.497087
오후 8:26:36.748 	18.561347	21.060747	20.627971	19.727918	11.568631	22.989285	31.028066	16.643142	14.638572	8.335030	114.843589	19.378201	25.708335	0.587517	40.530925	58.881557
오후 8:26:37.785 	18.804000	20.899882	20.885796	19.658254	11.446582	23.601980	30.513400	16.429096	14.706420	8.438238	114.715426	18.819088	25.659978	0.540770	40.570731	58.888499
오후 8:26:38.757 	18.530760	21.196738	20.742459	19.618223	11.431482	23.185420	30.165240	16.606171	15.046063	8.598028	114.656371	18.681062	25.646146	0.486116	40.593270	58.920614
오후 8:26:39.758 	18.699252	21.061417	20.523586	19.718203	11.457599	23.179716	30.416536	16.416471	14.905998	8.633000	114.626866	18.638766	25.528263	0.499305	41.129411	58.371284
오후 8:26:40.811 	18.804338	21.654546	20.341856	19.426527	11.387865	23.106443	30.664495	16.229558	14.987212	8.546602	114.636699	18.576733	25.649604	2.279373	72.819812	24.900815
오후 8:26:41.840 	19.127804	21.794367	20.197787	19.407616	11.267394	22.936589	30.286906	16.268647	15.061478	8.672744	114.597711	18.545045	25.515518	2.516859	70.522905	26.960236
오후 8:26:42.816 	19.100012	21.951970	20.068098	19.364297	11.249639	23.123989	30.060533	16.373059	15.010523	8.663604	114.694951	18.712374	26.433829	2.992670	73.625435	23.381894
오후 8:26:43.787 	19.365698	21.990885	20.177338	19.138417	11.062408	23.185166	29.933628	16.507566	15.043514	8.666708	114.753375	18.687221	26.337446	3.564197	72.681836	23.753967
오후 8:26:44.808 	19.425780	22.065074	20.350133	19.021063	10.849517	23.350962	29.940150	16.380014	15.027537	8.555231	114.725275	18.642814	26.193763	3.129028	74.297392	22.573580
오후 8:26:45.776 	19.683874	22.063444	20.179868	19.031540	10.681227	23.403111	29.322398	16.792888	15.115997	8.515314	114.706495	18.734943	26.343987	3.003899	71.375122	25.620979
오후 8:26:46.783 	19.847375	22.167175	20.245268	18.898667	10.579120	23.878906	29.068980	16.625450	15.177817	8.526926	114.766290	18.437777	25.201680	3.551062	72.141132	24.307806
오후 8:26:47.849 	20.008016	22.561862	20.137545	18.820685	10.331570	23.447568	29.389441	16.686796	15.122383	8.478722	114.747759	17.831068	23.749321	3.404591	69.605278	26.990130
오후 8:26:48.808 	19.486060	22.866333	20.367189	18.779573	10.324996	23.538535	29.235618	16.848965	15.020173	8.495677	114.706495	17.659665	23.502514	3.467610	64.494542	32.037848
오후 8:26:49.825 	19.665918	22.384927	20.603959	18.747919	10.370381	23.234327	29.273502	16.871358	15.020038	8.631070	114.656714	17.769310	23.403008	3.071868	63.932766	32.995366
오후 8:26:50.814 	19.592064	22.582986	20.555090	18.625959	10.409918	23.772907	29.140272	16.738192	14.986400	8.547587	114.576569	17.545573	22.880598	2.701589	65.268945	32.029465
오후 8:26:51.823 	19.578939	22.352807	20.566779	18.595656	10.488459	23.343718	29.282933	16.915028	15.083283	8.531882	114.555625	17.555450	22.732720	2.511590	69.864373	27.624038
오후 8:26:52.849 	19.419449	22.659930	20.468617	18.501196	10.468921	23.707647	28.918732	16.920928	15.054441	8.555786	114.606976	17.479315	22.883307	2.569825	70.069057	27.361118
오후 8:26:53.863 	19.376462	22.475765	20.397249	18.730356	10.617972	23.985359	29.159043	16.712516	14.876322	8.508448	114.577724	17.574151	22.947890	2.975925	70.735995	26.288080
오후 8:26:54.809 	19.449696	22.659586	20.525491	18.523401	10.527900	23.468585	28.957291	16.947856	15.282580	8.651479	114.481240	17.360731	22.796398	5.387905	79.749525	14.862570
오후 8:26:55.839 	19.135118	22.791557	20.751399	18.641238	10.578400	23.988744	28.761385	16.889295	15.178082	8.587752	114.461851	17.357057	22.765603	5.301616	79.547924	15.150459
오후 8:26:56.852 	14.730128	23.109659	23.257297	19.784357	10.955926	24.089344	29.796576	16.896814	14.385903	8.006563	114.499186	17.383029	22.835504	4.747669	80.142008	15.110323
오후 8:26:57.856 	14.861639	22.446734	22.122783	20.114426	11.439113	24.772755	27.044480	17.054191	15.425822	8.906274	114.517555	17.497995	22.527525	0.694628	72.952047	26.353325
오후 8:26:58.836 	14.810527	22.477476	22.302996	20.181185	11.420430	24.536198	26.686389	17.183347	15.338840	9.098764	114.747759	15.857562	21.284753	0.451947	73.704760	25.843293
오후 8:26:59.835 	14.732788	21.779154	22.675525	20.438159	11.417336	24.663548	26.631153	17.248140	15.561581	9.033529	114.728792	15.151970	19.844069	0.362466	72.965977	26.671556
오후 8:27:00.851 	14.889521	21.806313	22.722055	20.409061	11.380779	21.499606	27.909128	17.858805	16.261629	9.314491	114.676621	15.198152	19.904521	0.260939	73.044651	26.694409
오후 8:27:01.842 	15.006331	21.771974	22.483121	20.497142	11.369896	21.036120	28.419987	17.576971	16.374583	9.458565	114.736385	15.049089	20.119809	0.365523	73.175135	26.459342
오후 8:27:02.843 	15.175819	21.469482	22.329442	20.678663	11.575266	19.922805	27.852736	18.060940	17.024913	9.702513	114.696536	15.125460	20.119809	0.519444	72.534842	26.945714
오후 8:27:03.871 	14.433386	22.103323	22.120220	20.744673	11.573751	18.360004	28.666791	18.520455	17.032252	9.771935	114.695734	15.084426	19.918045	0.230903	71.994315	27.774782
오후 8:27:04.849 	14.406780	21.709723	22.388097	20.783215	11.584835	19.074334	27.698404	18.124286	17.166602	10.126944	114.694951	14.891899	19.647642	0.194702	71.787230	28.018069
오후 8:27:05.885 	14.225748	21.530638	22.563124	20.940294	11.637687	19.009236	27.735744	17.870127	17.340525	10.266997	114.704684	14.896783	19.553687	0.134155	71.193254	28.672591
오후 8:27:06.893 	14.559950	21.543677	21.983701	20.966040	11.618061	19.046750	27.611596	18.004988	17.310162	10.364909	114.782609	14.813062	19.450263	0.167783	70.401983	29.430235
오후 8:27:07.856 	14.724925	21.564917	21.928629	20.795893	11.528636	19.041206	28.133093	18.159259	16.958345	10.167225	114.909462	15.108210	19.468289	0.386425	69.002896	30.610678
오후 8:27:08.864 	13.975886	21.754577	21.691388	21.027040	11.429285	18.004208	30.624405	18.871730	16.027910	8.757067	115.046387	15.157730	19.789953	0.549218	68.980852	30.469930
오후 8:27:09.891 	14.230287	22.043852	21.883549	21.038377	11.560910	19.988618	27.350465	18.020722	17.070798	9.943226	115.008319	15.056265	19.818810	0.674849	68.234155	31.090997
오후 8:27:10.907 	13.914683	22.023189	21.714826	21.337593	11.693123	19.135879	26.379864	18.313200	17.595246	10.428816	115.108293	14.962165	19.518225	0.622901	68.612688	30.764411
오후 8:27:11.881 	13.688489	21.965982	21.649201	21.341179	11.676495	17.991311	26.687652	18.657854	17.977627	10.619265	115.089337	14.883760	19.435529	0.597546	68.593244	30.809210
오후 8:27:12.901 	13.792375	22.260584	21.575490	21.202357	11.559873	17.991862	26.613245	18.527625	18.070480	10.583583	115.228807	14.842248	19.350462	0.414658	69.921072	29.664270
오후 8:27:13.880 	14.512221	22.069401	21.710459	21.153539	11.372589	18.795765	27.656588	18.057406	17.284297	10.280432	115.203273	14.991672	19.118300	0.361362	69.822315	29.816324
오후 8:27:14.928 	14.369402	23.016763	21.931553	20.627046	10.941831	18.763464	27.566994	18.090863	17.140554	10.341210	115.187058	14.426000	17.647040	0.178925	67.136049	32.685026
오후 8:27:15.895 	14.101169	22.637360	20.942019	21.028902	11.459101	18.290354	27.533381	18.204006	17.532559	10.506156	115.392321	14.876798	17.212220	0.188707	67.072688	32.738605
오후 8:27:16.913 	13.954446	22.535752	21.049712	21.138003	11.396924	18.427006	27.470079	18.135641	17.536063	10.527144	115.401953	14.895290	17.420141	0.237784	66.839035	32.923181
오후 8:27:17.976 	12.862744	22.995233	21.279951	21.396376	11.504955	19.255411	26.526495	18.135703	17.442093	10.633469	115.411588	15.175735	17.843128	0.497931	65.045280	34.456790
오후 8:27:18.954 	12.337644	22.657471	21.233293	21.698587	11.695807	19.073428	25.997846	18.418494	17.710645	10.898619	115.508021	15.179501	18.433884	0.864156	64.479226	34.656618
오후 8:27:19.948 	12.207017	22.653751	21.413301	21.601733	11.766363	19.102935	26.066044	18.391032	17.610629	10.920233	115.633626	15.159973	18.438534	0.575787	64.546984	34.877229
오후 8:27:20.937 	12.617771	22.289057	21.972629	21.145216	11.645334	19.810272	25.600845	18.361778	17.251630	10.690127	115.630472	15.003939	18.367639	0.195793	61.924022	37.880185
오후 8:27:21.945 	12.304354	22.954657	21.586324	21.189528	11.833743	19.002220	26.786728	18.325066	17.473453	10.664327	115.600874	14.977074	18.285691	0.381011	54.591607	45.027382
오후 8:27:22.981 	12.318562	23.359775	21.526250	20.865095	11.700542	18.925309	26.819236	18.423309	17.526343	10.701775	115.582167	14.979694	18.285691	0.864850	51.111115	48.024035
오후 8:27:23.968 	12.341448	22.537939	21.457269	21.480723	11.874840	19.103062	26.489973	18.494793	17.510289	10.659664	115.507399	14.941070	18.212985	1.083892	49.634727	49.281381
오후 8:27:24.919 	12.547245	22.562145	21.396957	21.408471	12.027629	19.196606	26.228214	18.603526	17.510779	10.666701	115.535425	14.856321	17.331069	1.101103	49.928284	48.970613
오후 8:27:25.925 	12.919806	22.353415	21.559151	21.197005	12.090591	19.262694	26.476543	18.543765	17.524389	10.608545	115.507005	14.748291	17.230702	0.975096	50.231681	48.793223
오후 8:27:26.950 	12.596441	22.816917	21.361391	21.303555	12.204598	19.610897	26.346309	18.594154	17.434302	10.644298	115.479677	14.719821	17.139774	0.915481	51.149210	47.935308
오후 8:27:27.978 	12.961133	23.084723	21.157431	21.016278	12.094555	19.040628	26.686035	18.664130	17.545966	10.657764	115.398341	14.163553	17.097552	1.231965	52.331522	46.436513
오후 8:27:28.936 	12.928701	23.556799	21.147623	20.915804	12.133084	18.935688	26.258246	18.908906	17.628622	10.854360	115.390335	14.094070	17.026949	0.337588	59.581982	40.080429
오후 8:27:29.938 	12.952368	23.444113	20.959192	21.185568	12.257793	19.527635	26.851892	19.023290	16.848112	10.201064	115.390335	14.003560	16.876929	0.377569	60.398973	39.223458
오후 8:27:30.948 	13.192116	23.401385	20.929981	21.069598	12.145051	19.361505	25.706354	19.040941	17.704526	10.883938	115.372464	13.909634	16.801417	0.810000	61.532563	37.657437
오후 8:27:31.947 	13.076506	23.354718	20.925843	21.181432	12.329935	19.609613	26.234574	18.694232	17.444271	10.797605	115.417881	13.974001	16.738099	1.279703	66.329540	32.390756
오후 8:27:32.979 	13.110242	23.040386	21.466860	21.185863	12.399556	19.159824	25.469666	19.557878	17.433865	11.081899	115.479862	14.239637	16.752190	3.117589	67.493142	29.389269
오후 8:27:33.977 	13.045087	23.273906	21.654332	20.929199	12.373554	18.859064	25.338594	19.661484	17.429655	11.217316	115.497494	14.221647	16.703828	3.761415	67.509512	28.729073
오후 8:27:34.963 	12.824681	23.969674	21.601944	20.789316	12.107875	19.127014	25.825092	19.162340	17.302027	11.022635	115.418596	14.256439	16.727115	3.962731	67.108911	28.928358
오후 8:27:35.965 	12.680257	23.529595	21.770544	20.920693	12.160127	19.589506	25.873310	19.110999	17.132448	10.834437	115.304823	14.230159	16.539900	3.231637	69.194767	27.573596
오후 8:27:36.974 	12.437671	23.891408	21.807023	20.896064	12.031604	18.508012	25.857621	19.391519	17.604588	11.159599	115.287339	14.225296	16.558717	3.737688	65.913149	30.349163
오후 8:27:37.968 	12.407352	24.359614	21.684969	20.807993	11.912954	18.428032	25.777178	19.432702	17.691941	11.194214	115.261123	14.255446	16.539900	4.975780	62.184411	32.839809
오후 8:27:38.968 	12.453117	24.441328	21.835391	20.847989	11.741881	18.466177	25.683168	19.551414	17.666814	11.205785	115.237452	14.223517	16.423339	5.615966	58.508841	35.875193
오후 8:27:39.999 	13.969288	24.715898	22.007677	19.535076	10.472404	19.677644	27.784791	19.125172	16.074014	9.839009	115.313566	14.050756	16.393338	6.350558	58.366421	35.283021
오후 8:27:41.016 	12.333037	24.342442	21.437630	21.088433	11.590083	18.794982	25.472882	20.358526	16.779201	10.954045	115.366057	13.928666	16.221475	7.912744	62.202363	29.884893
오후 8:27:42.009 	10.720346	24.267798	22.598837	21.633851	12.038440	19.169016	24.875126	19.993832	17.636360	11.125585	115.462415	13.199102	14.905927	8.864120	63.080724	28.055156
오후 8:27:43.016 	10.328561	23.952394	22.741549	21.822464	12.108714	19.302206	25.488912	19.553761	17.457057	10.979621	115.435583	13.306766	15.211796	9.802000	61.707064	28.490936
오후 8:27:43.986 	10.698311	23.556691	22.324871	22.025017	12.226019	20.300935	25.131259	19.243782	17.252781	10.884294	115.471182	13.240622	15.180213	10.258463	61.031958	28.709579
오후 8:27:45.019 	10.628004	23.903810	22.101492	21.937414	12.221158	19.690674	25.308749	19.547523	17.246219	10.868815	115.453999	13.289371	15.421457	11.031347	60.049742	28.918911
오후 8:27:46.013 	10.697181	23.729608	21.946865	21.990061	12.113416	19.761941	25.827333	19.267919	17.149653	10.860106	115.523466	13.266155	15.466366	11.134988	60.312739	28.552273
오후 8:27:47.005 	11.148094	22.749011	22.132123	22.168099	12.409566	18.967430	25.599077	19.801728	17.365836	11.123085	115.497320	13.275447	15.492603	3.631217	49.680781	46.688002
오후 8:27:48.085 	10.764589	23.057874	22.116441	22.056118	12.650338	18.783421	25.979756	19.621018	17.299978	11.075785	115.463188	13.300300	15.518277	3.997607	50.734535	45.267858
오후 8:27:49.034 	11.015275	22.767920	22.062074	22.187271	12.621008	18.417855	25.654269	19.639146	17.723001	11.270408	115.446172	13.401256	15.678089	3.975687	50.625104	45.399209
오후 8:27:50.053 	11.501771	22.819677	21.573405	22.216466	12.574565	18.081237	25.752728	19.802847	17.909926	11.358350	115.379230	13.583283	15.577056	4.243049	50.618663	45.138288
오후 8:27:51.017 	11.721707	22.572971	21.411680	22.336425	12.531206	17.839804	25.426098	19.955221	17.973011	11.399545	115.387645	13.534974	15.188054	4.757782	50.511410	44.730808
오후 8:27:52.025 	11.731441	22.958552	21.368787	22.194069	12.446916	17.983030	25.789046	19.958041	17.801037	11.443857	115.303549	13.560917	14.894658	5.514144	49.879567	44.606289
오후 8:27:53.036 	11.774713	22.814300	21.339922	22.208659	12.468945	17.976182	25.740302	19.872305	18.006612	11.475634	115.318710	13.442473	14.621017	6.093467	49.238317	44.668216
오후 8:27:54.030 	12.015367	22.717065	21.475482	22.098106	12.380316	18.199714	25.358648	19.956952	17.995148	11.539005	115.325602	13.505832	14.594954	6.574345	48.474132	44.951523
오후 8:27:55.080 	11.760468	23.650260	21.033684	21.926015	12.173340	18.484685	25.791117	19.867445	17.707203	11.304255	115.274186	13.826204	14.761284	7.190382	47.623642	45.185976
오후 8:27:56.065 	12.061429	23.960287	20.745911	21.645257	12.135479	19.931201	25.361360	19.351510	17.336001	11.003545	115.274186	13.826204	14.594954	7.477890	47.548172	44.973938
오후 8:27:57.057 	11.547837	25.023404	20.618194	21.480966	12.062048	19.831249	25.680175	19.436016	17.249498	10.647593	115.194408	13.940629	14.518289	8.659423	47.568723	43.771854
오후 8:27:58.052 	11.751147	23.870573	20.970139	21.552555	12.245743	19.759949	24.911399	19.801236	17.425733	11.040608	115.219576	13.902759	14.687321	10.004802	45.638468	44.356730
오후 8:27:59.083 	11.814089	24.003264	20.724231	21.510277	12.324827	19.636180	25.094350	19.621630	17.370979	10.909284	115.164011	14.112425	14.981239	10.913492	45.645661	43.440847
오후 8:28:00.060 	11.698963	24.339631	21.015615	21.461887	12.363899	19.843556	24.836368	19.742211	17.349754	11.074328	115.211186	13.947712	14.502825	11.117613	45.425674	43.456712
오후 8:28:01.057 	11.380217	24.251968	20.889963	21.664700	12.503252	19.755389	24.701816	19.781984	17.348650	11.127645	115.102219	14.489700	14.574851	11.371439	45.182186	43.446375
오후 8:28:02.114 	11.594845	24.156157	21.001719	21.667859	12.497166	19.291477	24.544904	19.763562	17.514841	11.296319	114.976744	15.484943	14.549168	12.118963	43.020789	44.860248
오후 8:28:03.085 	11.622262	24.120081	21.058638	21.818073	12.302160	19.340963	23.744921	20.296257	17.594452	11.491040	114.946442	15.614569	14.785418	13.410587	45.789334	40.800079
오후 8:28:04.118 	11.679411	24.010225	20.987835	21.803256	12.332053	19.178140	23.651471	20.422244	17.690305	11.647664	114.820081	15.787625	14.851687	14.368334	47.988101	37.643565
오후 8:28:05.094 	11.778159	24.337621	21.005590	21.327008	12.205170	18.863412	24.925438	20.334117	17.466689	11.361831	114.761207	15.833856	14.958115	14.510937	47.863905	37.625158
오후 8:28:06.089 	12.498176	23.776249	21.263717	21.201396	12.136745	19.107947	24.378030	20.598630	17.492739	11.357567	114.711624	15.939271	15.027644	15.379136	47.133840	37.487025
오후 8:28:07.093 	11.724021	24.588406	21.340178	21.445737	12.185283	18.808076	24.580307	21.082707	17.309683	11.252376	114.618312	15.728185	14.959799	15.501686	45.292057	39.206257
오후 8:28:08.156 	11.105472	23.952627	21.896391	21.959714	12.259178	18.674217	24.407516	20.922318	17.407760	11.415415	114.575563	15.494444	14.451472	15.619745	44.441811	39.938444
오후 8:28:09.090 	11.304283	24.545615	21.519818	21.693939	12.396076	18.978940	23.297914	20.918883	17.901121	11.622810	114.525321	15.510195	14.484763	15.547869	44.330040	40.122092
오후 8:28:10.149 	10.952096	24.962603	21.321829	21.662928	12.431680	18.842621	23.504764	21.132420	17.738445	11.542827	114.466170	15.592866	14.426707	14.529965	43.875663	41.594371
오후 8:28:11.153 	11.037058	25.139281	21.219832	21.610703	12.396483	18.934937	23.145310	20.909698	17.926250	11.651224	114.221764	16.541427	14.479495	21.252106	54.360246	24.387649
오후 8:28:12.159 	10.805597	25.157922	21.184813	21.839514	12.409089	18.931549	23.048130	21.465243	17.803629	11.609610	114.048114	17.246227	14.381980	15.349353	60.024998	24.625649
오후 8:28:13.212 	10.884845	25.656441	21.427635	21.615281	12.275987	18.123546	23.283256	22.529630	17.216012	10.700814	113.910135	17.664889	14.370888	12.129932	66.891266	20.978802
오후 8:28:14.100 	9.306513	26.061718	21.339601	21.951728	12.791759	17.353840	22.226442	22.139611	18.698273	11.974566	113.728223	17.502316	14.412878	9.753718	67.267038	22.979244
오후 8:28:15.111 	9.280339	25.725956	21.511150	22.222863	12.954443	17.038693	22.439213	22.103504	18.749723	12.005718	113.505760	16.926048	14.491280	7.797017	67.493838	24.709145
오후 8:28:16.111 	9.706271	25.515618	21.702106	22.114132	12.804777	17.214676	22.275337	21.910950	18.748695	12.148040	113.325136	17.090463	14.600336	5.546864	61.740221	32.712915
오후 8:28:17.126 	9.845191	25.504187	21.599941	21.940215	12.926220	16.742051	22.404107	21.990297	18.789064	12.209482	113.194133	17.144456	13.481312	4.117571	61.367707	34.514722
오후 8:28:18.141 	9.771023	25.760089	21.454272	21.744089	12.866993	16.624437	22.925708	21.662929	18.883086	12.167880	113.105862	16.710532	13.084480	3.494199	64.689926	31.815875
오후 8:28:19.121 	9.683325	25.578138	21.598005	21.685210	12.895167	16.622941	22.835180	21.746533	18.868582	12.016529	112.998762	16.334081	12.955566	2.496294	66.233716	31.269990
오후 8:28:20.176 	9.905371	25.414242	21.817469	21.578722	12.928796	16.232891	23.111231	22.011838	18.774754	11.983401	112.883650	16.473610	13.125233	2.569118	66.732488	30.698394
오후 8:28:21.139 	9.577545	26.118764	21.795620	21.404007	12.829751	16.122342	22.571367	22.221306	18.851425	12.106063	112.826182	16.508514	13.177444	2.432341	66.668368	30.899291
오후 8:28:22.144 	9.924486	26.025394	21.840912	21.387504	12.657685	17.018420	22.054417	22.085952	18.616720	12.111647	112.811060	16.405560	13.112046	2.657190	67.555840	29.786970
오후 8:28:23.257 	10.921766	28.751772	20.692687	19.662026	11.910913	18.670803	25.383410	19.980849	17.091324	11.103356	112.843561	16.493262	13.163793	3.004053	67.671714	29.324233
오후 8:28:24.217 	12.876943	28.664670	19.996444	19.139134	11.603823	20.614268	24.837828	19.602995	16.656239	10.980347	112.908619	16.717326	13.163793	3.118868	67.586983	29.294149
오후 8:28:25.225 	12.598661	28.677806	20.364506	19.112687	11.673191	21.152336	24.484731	19.455187	16.538762	10.984039	112.941176	16.844074	13.278065	3.203279	68.067395	28.729326
오후 8:28:26.196 	12.385105	28.730131	20.289498	19.343416	11.691476	20.509495	24.600110	19.300078	16.698036	11.101354	112.981504	16.835916	13.173129	3.338639	69.380688	27.280673
오후 8:28:27.223 	12.184321	28.135650	20.730849	19.394693	11.840411	20.468045	24.250777	19.299444	16.863659	11.180033	113.004484	16.693619	13.101961	3.842168	69.467372	26.690461
오후 8:28:28.182 	12.121522	28.184292	20.556096	19.507450	11.889857	20.324807	24.297353	19.291556	16.891163	11.154402	112.981116	16.727451	13.125966	4.933957	68.722219	26.343823
오후 8:28:29.223 	12.479685	28.814084	20.321183	19.102518	11.681588	20.336853	24.878971	19.029109	16.905891	10.811325	112.933192	16.568302	13.243942	4.853541	68.604743	26.541715
오후 8:28:30.161 	12.625942	28.627244	20.347699	19.054693	11.649001	20.276539	25.001191	19.092725	16.964135	10.762247	112.917226	16.701543	13.856193	4.723933	68.869187	26.406880
오후 8:28:31.187 	12.922939	28.704092	20.111293	18.963206	11.726738	20.164780	25.613065	18.967156	16.769180	10.701026	112.901265	16.594075	14.194199	5.072952	68.721603	26.205444
오후 8:28:32.190 	13.230747	28.577914	20.075057	19.087626	11.584408	20.955730	25.356694	18.757942	16.737755	10.615936	112.781700	16.009722	14.261877	4.545458	68.670261	26.784281
오후 8:28:33.172 	13.407962	28.655364	20.118684	18.970504	11.448102	20.840872	25.713195	18.718735	16.579286	10.447950	112.638556	15.907430	14.716858	4.932223	67.119058	27.948719
오후 8:28:34.181 	12.821604	29.027875	20.204819	18.824067	11.477783	19.841344	26.179928	19.070714	16.657804	10.663082	112.543328	16.174544	14.921790	5.593303	66.931415	27.475282
오후 8:28:35.193 	14.617178	28.138669	19.701593	18.509428	11.423635	21.256869	25.567348	18.690355	16.592334	10.545266	112.464095	16.668119	15.529899	5.722184	67.619713	26.658103
오후 8:28:36.209 	15.159464	28.154943	19.511898	18.170993	11.196025	21.833076	25.137636	18.651095	16.492692	10.498211	112.363636	16.839970	15.834230	7.178674	67.711199	25.110127
오후 8:28:37.183 	15.380525	27.870242	19.661395	18.165738	11.165669	22.217512	25.052014	18.446300	16.510982	10.451794	112.291859	16.829444	15.848395	7.975381	69.524573	22.500046
오후 8:28:38.209 	15.531574	27.913375	19.537844	18.004272	11.234573	22.278150	25.396966	18.450322	16.183606	10.241101	112.275921	16.833069	15.772701	6.998980	70.853364	22.147656
오후 8:28:39.225 	15.545472	28.055047	19.603023	17.955673	11.186715	22.314004	25.679279	18.324627	16.191552	10.308848	112.274389	16.715908	15.743069	8.200185	69.559803	22.240012
