Time	Fp1_Delta(%)	Fp1_Theta(%)	Fp1_Alpha(%)	Fp1_Beta(%)	Fp1_Gamma(%)	Fp2_Delta(%)	Fp2_Theta(%)	Fp2_Alpha(%)	Fp2_Beta(%)	Fp2_Gamma(%)	Heartbeat(bpm)	SDNN(ms)	RMSSD(ms)	VLF(%)	LF(%)	HF(%)
오후 4:36:04.431 	41.080753	44.590973	5.405688	2.839071	2.379952	41.676311	43.985245	5.469875	2.854285	2.550788	74.518509	51.382596	49.419166
오후 4:36:05.452 	40.938819	44.875334	5.275365	2.780382	2.402187	41.316035	44.344815	5.443801	2.825703	2.588942	74.677323	52.480084	50.402147
오후 4:36:06.468 	40.362192	45.405372	5.248038	2.745034	2.376097	40.870295	44.729584	5.445295	2.801985	2.584350	74.761968	52.758647	50.357978
오후 4:36:07.947 	41.162980	44.744001	5.169063	2.730229	2.319660	41.723834	43.952443	5.421149	2.771625	2.520346	74.776926	52.781918	50.357978
오후 4:36:10.418 	39.564830	45.730345	5.327133	2.900164	2.454318	39.893546	45.053852	5.625327	2.958105	2.661319	74.866796	52.802705	49.958699
오후 4:36:12.569 	39.975909	45.170051	5.311585	2.958743	2.548368	40.168477	44.519362	5.574797	3.098970	2.783868	74.756984	52.379861	49.967183
오후 4:36:13.318 	39.840045	45.070901	5.505059	2.963865	2.527723	40.017701	44.452144	5.792108	3.066143	2.714608	74.667377	51.306377	49.943850
오후 4:36:13.694 	39.649692	45.404933	5.372096	2.936302	2.550468	39.953175	44.900455	5.562277	2.976940	2.736484	74.548235	50.720443	50.214688
오후 4:36:14.060 	38.963892	45.676164	5.535866	2.991234	2.596928	39.491214	44.982672	5.722642	3.037893	2.770772	74.337568	50.602923	50.626542
오후 4:36:14.424 	42.469737	42.906668	5.355503	2.788610	2.446504	42.879032	42.335921	5.519997	2.853685	2.620192	74.271710	49.823439	50.104837
오후 4:36:14.852 	42.388387	42.703652	5.365723	2.892172	2.527400	42.939579	42.041701	5.542576	2.927856	2.682664	74.281550	49.813183	50.465179
오후 4:36:15.495 	42.534475	42.765061	5.390554	2.825697	2.473645	43.061670	42.087899	5.553681	2.868808	2.625039	74.306163	49.711964	50.421065
오후 4:36:16.472 	42.211791	43.069103	5.452953	2.811440	2.459551	42.795584	42.330332	5.624322	2.852378	2.602203	74.392574	49.340826	50.155270
오후 4:36:17.497 	42.252322	42.958276	5.533227	2.811940	2.453511	42.855829	42.233984	5.692665	2.849535	2.596494	74.657434	48.514738	49.643795
오후 4:36:18.627 	42.199072	42.941440	5.555850	2.821258	2.450606	42.820256	42.171898	5.711376	2.861773	2.592851	74.732071	48.654562	49.369825
오후 4:36:19.577 	42.195255	43.021537	5.534507	2.805226	2.431465	42.836446	42.195429	5.686307	2.858326	2.577351	74.941853	49.244915	49.773828
오후 4:36:20.569 	42.176871	43.036077	5.565237	2.795949	2.427324	42.794572	42.228161	5.722908	2.848158	2.577027	75.319064	52.651889	49.431736
오후 4:36:21.511 	42.284551	42.924963	5.552944	2.797091	2.417351	42.913651	42.121357	5.706859	2.842637	2.565339	75.584519	53.708949	49.433850
오후 4:36:22.506 	42.083444	42.699234	5.726908	2.915515	2.500667	42.787523	41.878088	5.872700	2.948450	2.643336	76.054868	55.801547	49.408473
오후 4:36:23.525 	42.006424	42.920652	5.722741	2.884725	2.498249	42.708990	42.047826	5.890477	2.926028	2.633336	76.428050	58.130820	57.742979
오후 4:36:24.535 	42.032532	42.810459	5.699002	2.897850	2.500189	42.726136	42.086830	5.866065	2.885368	2.601765	76.340923	54.184405	49.728955
오후 4:36:25.509 	42.039593	42.829371	5.705087	2.864700	2.486219	42.764774	41.916081	5.924913	2.897553	2.550184	76.407773	53.417062	48.964126
오후 4:36:26.529 	42.108981	42.972657	5.627386	2.833205	2.455212	43.279576	41.918802	5.757957	2.815404	2.482922	76.519429	51.504295	48.168047
오후 4:36:27.534 	41.637281	43.323480	5.535664	2.869604	2.477482	42.975899	42.079497	5.697681	2.843097	2.455523	76.539765	51.323122	48.099505
오후 4:36:28.565 	41.102852	43.805469	5.610063	2.893043	2.453336	42.146646	42.946228	5.799866	2.826827	2.362865	76.686007	50.302462	47.378415
오후 4:36:29.568 	40.534038	44.341799	5.753026	2.833329	2.417690	41.847245	43.364873	5.903928	2.736528	2.265427	76.587831	50.935955	47.139575
오후 4:36:30.529 	40.438444	44.103911	5.965973	2.911878	2.421274	41.824779	43.111828	6.097092	2.773545	2.178561	76.468636	51.516304	46.789142
오후 4:36:31.574 	40.685124	44.079264	5.894577	2.851045	2.255506	42.062449	43.133944	6.080738	2.674939	2.042733	76.382443	52.495012	46.789142	4.423961	56.104543	39.471497
오후 4:36:32.599 	40.020095	44.372163	6.041732	2.973069	2.284472	41.616300	43.238748	6.284966	2.745340	2.039521	76.250993	53.779718	46.806767	5.011943	56.141250	38.846807
오후 4:36:33.626 	42.043131	42.102387	6.196214	3.008538	2.300070	42.572600	41.651881	6.444472	2.816737	2.027673	76.085414	56.495880	46.964099	6.305269	53.825258	39.869473
오후 4:36:34.627 	40.622652	43.728658	6.276655	3.009410	2.382090	41.926344	42.755366	6.536775	2.739383	2.044522	75.892368	57.591012	46.926253	6.593312	53.546668	39.860020
오후 4:36:35.588 	40.493774	43.593009	6.314376	3.075354	2.431458	41.558051	42.836762	6.581507	2.769798	2.076236	75.534290	61.244727	48.113890	7.064431	53.208965	39.726604
오후 4:36:36.586 	40.957453	43.548332	6.108208	2.995594	2.371985	42.443687	42.084993	6.592744	2.759530	2.017895	75.238543	61.500772	49.869537	7.462308	56.612412	35.925279
오후 4:36:37.583 	41.234978	43.312809	6.169455	2.986740	2.315686	42.804251	41.855168	6.584740	2.756324	1.985503	74.941853	63.293300	50.199914	7.724235	56.893215	35.382550
오후 4:36:38.591 	41.624884	42.881652	6.071419	3.013899	2.329397	43.477232	41.140011	6.620262	2.842253	1.995745	74.697222	65.424041	50.123867	8.214474	57.979098	33.806428
오후 4:36:39.563 	41.660754	43.117450	5.880550	2.933433	2.314595	43.649520	41.067681	6.382041	2.764687	1.999171	74.961419	80.229492	78.769813	8.594791	58.618332	32.786876
오후 4:36:40.575 	41.607203	43.215299	5.911009	2.901144	2.210787	43.566239	41.058480	6.502457	2.791112	1.932206	74.653706	74.649677	71.413403	8.705829	58.763786	32.530385
오후 4:36:41.583 	42.035380	43.039117	5.858193	2.886751	2.205869	44.271992	40.669828	6.437737	2.755036	1.959660	74.487775	76.388991	80.576096	9.873827	57.630867	32.495307
오후 4:36:42.578 	42.524107	43.014120	5.849653	2.711060	2.089833	44.540533	40.645950	6.450704	2.694756	1.855704	74.237288	77.668382	81.119374	8.998049	58.069276	32.932675
오후 4:36:43.662 	42.493592	42.874554	5.746628	2.657873	2.111429	44.799040	40.230208	6.377726	2.729441	1.890136	74.222819	78.201681	81.718889	9.046485	58.055870	32.897645
오후 4:36:44.616 	43.178373	42.703358	5.631435	2.524816	2.036366	45.139604	40.147636	6.308423	2.620019	1.834397	74.267678	78.334683	81.845027	9.283757	58.267525	32.448717
오후 4:36:45.605 	42.928290	42.255148	5.829492	2.638729	2.127749	44.379671	39.687433	6.860810	2.836019	1.912436	74.222819	78.473280	82.363303	9.257274	58.198260	32.544466
오후 4:36:46.592 	43.545970	41.649295	5.879383	2.615948	2.159687	46.132975	38.446059	6.612909	2.689562	1.888668	74.158117	78.667618	82.180448	8.982098	58.290054	32.727848
오후 4:36:47.651 	37.106448	40.403074	10.167711	4.723338	2.764280	47.762903	36.472187	6.845364	2.865083	2.059594	74.158117	78.667618	82.043039	8.843128	58.441889	32.714984
오후 4:36:48.635 	45.297147	38.319377	6.687166	3.212087	2.520654	48.940702	35.446347	6.736836	2.970500	2.095199	74.133262	78.958578	81.508225	8.516431	58.626405	32.857164
오후 4:36:49.600 	45.463092	38.238090	6.608586	3.022741	2.589866	48.614967	35.416690	6.810507	2.983968	2.232923	74.053837	79.075832	81.541177	8.132578	58.785679	33.081743
오후 4:36:50.635 	45.871723	38.173582	6.497404	2.876043	2.512800	48.753287	35.422446	6.787358	2.917979	2.182357	74.053837	79.075832	77.625494	6.545123	58.353540	35.101337
오후 4:36:51.608 	45.424274	38.285502	6.648593	2.914091	2.498142	48.413113	35.112302	7.118805	3.005764	2.207879	73.851085	75.984353	74.328704	7.144385	58.187532	34.668084
오후 4:36:52.621 	46.007451	38.174958	6.546443	2.785265	2.378858	48.535939	35.312966	7.043085	2.887148	2.132313	73.851085	75.950405	74.259278	6.795276	58.392644	34.812080
오후 4:36:53.616 	46.442924	37.572257	6.548632	2.758431	2.323609	49.034556	34.790757	6.977007	2.893015	2.085822	73.708344	75.976044	74.367727	4.532578	58.403726	37.063695
오후 4:36:54.638 	46.490798	37.823478	6.508432	2.655238	2.244818	48.977405	35.094464	6.930092	2.812461	2.039875	73.664158	76.002735	74.392287	4.364861	58.022729	37.612410
오후 4:36:55.626 	45.443743	38.964977	6.570190	2.693924	2.249001	48.105563	36.084949	6.983710	2.850653	2.074021	73.556368	75.961251	74.426946	4.246985	58.079725	37.673290
오후 4:36:56.624 	47.356800	36.393411	6.885928	2.842603	2.367465	49.978587	33.399705	7.327568	2.999313	2.167190	73.339610	76.377591	74.850460	3.838991	59.712941	36.448068
오후 4:36:57.656 	47.696747	36.304786	6.828975	2.830199	2.341383	50.491779	33.057918	7.236977	2.940290	2.100704	73.221431	76.950426	74.872299	3.916606	58.590500	37.492893
오후 4:36:58.641 	47.880088	35.732862	7.158047	3.049112	2.461183	50.896365	32.316819	7.641004	3.133867	2.202095	73.157577	77.084128	74.994478	3.746722	59.549981	36.703297
오후 4:36:59.660 	47.939787	35.733792	7.140550	2.973378	2.421951	50.899969	32.473457	7.580003	3.014263	2.156384	72.961798	78.486494	75.157074	3.648342	59.776662	36.574997
오후 4:37:00.647 	47.654226	36.357057	7.088263	2.894777	2.319485	50.683117	32.925585	7.559004	2.957935	2.051390	72.869170	79.004303	75.207813	3.612641	59.936730	36.450629
오후 4:37:01.647 	48.440106	34.997648	7.342183	3.026437	2.348670	51.482364	31.420524	7.936786	3.113881	2.073311	72.815651	79.205385	75.272999	3.590134	59.597991	36.811875
오후 4:37:02.656 	47.720888	34.702122	7.843931	3.222540	2.488250	50.958862	31.030909	8.299551	3.224080	2.147448	72.704000	80.111349	75.439329	3.591772	59.286835	37.121393
오후 4:37:03.670 	48.075612	34.661783	7.621395	3.160961	2.400120	50.773932	31.492368	8.251446	3.195471	2.084576	72.544402	81.004301	74.860652	3.670078	58.654212	37.675710
오후 4:37:04.699 	48.952872	34.757147	7.221886	2.970480	2.280577	51.367309	31.761004	7.927983	3.065694	1.981622	72.267778	80.408998	75.496428	3.928951	62.481889	33.589160
오후 4:37:05.684 	48.321963	35.229736	7.223199	2.944445	2.339513	50.628745	32.087821	8.034068	3.131224	2.045480	72.069174	80.483867	75.496428	4.063520	63.006732	32.929748
오후 4:37:06.687 	49.934710	33.624159	7.538154	3.082623	2.413974	50.674532	31.721352	8.470871	3.278933	2.068685	71.929355	80.735610	75.456873	4.409605	62.300196	33.290199
오후 4:37:07.670 	48.560172	33.140074	7.917485	3.275294	2.430032	49.550735	30.518811	9.010595	3.620861	2.112101	71.799666	80.300665	75.515465	3.395217	63.016519	33.588264
오후 4:37:08.674 	50.642375	32.553666	7.475900	2.939589	2.236211	51.705995	30.456358	8.384540	3.246116	1.973990	71.737390	80.210345	75.531569	3.301148	63.386754	33.312098
오후 4:37:09.681 	51.607416	31.856637	7.214363	2.756157	2.122542	52.715341	29.864137	8.253654	2.980586	1.874910	71.684779	79.946279	75.392370	3.221441	63.533823	33.244736
오후 4:37:10.709 	50.877661	33.036517	7.309061	2.807911	2.065331	53.102758	29.952710	8.243873	3.056167	1.789819	71.699120	79.977392	75.304322	4.484055	62.808088	32.707857
오후 4:37:11.713 	51.380503	32.823389	7.308006	2.657170	1.994623	53.208107	30.084807	8.253798	2.932540	1.719837	71.702862	80.534616	75.309742	5.086117	61.568660	33.345222
오후 4:37:12.719 	45.268479	37.668752	7.820350	2.974645	2.148158	48.592805	33.498520	8.770509	3.240590	1.849252	71.551208	79.387783	74.498306	5.437135	62.060389	32.502475
오후 4:37:13.790 	44.103243	36.506994	8.518753	3.485639	2.456259	47.899892	32.513303	9.355313	3.598456	2.070827	71.460853	79.477329	74.587305	7.278335	64.869366	27.852299
오후 4:37:14.722 	45.550685	35.541569	8.027401	3.239617	2.366026	48.146353	31.982950	9.310263	3.616609	2.041214	71.375465	79.623869	74.587305	7.866360	62.580371	29.553268
오후 4:37:15.714 	45.281004	34.165368	9.162310	3.729004	2.545325	48.476182	30.622118	10.194214	3.913392	2.166067	71.337580	79.595932	74.226199	7.262759	62.760222	29.977019
오후 4:37:16.733 	46.760239	34.055575	7.861270	3.678064	2.603329	50.164974	30.291734	8.843224	3.850195	2.253565	71.106340	78.598898	74.747476	10.684504	59.782341	29.533155
오후 4:37:17.723 	47.052888	34.089514	7.375556	3.624066	2.618404	50.459959	30.137216	8.541479	3.832436	2.275439	70.987274	78.047703	74.433103	10.729193	56.339356	32.931451
오후 4:37:18.714 	47.211717	34.178645	7.271912	3.518411	2.591528	50.568083	29.784237	8.798948	3.798725	2.296609	71.003104	76.903153	74.519082	10.703524	56.300135	32.996342
오후 4:37:19.717 	47.486512	33.731214	7.497278	3.597809	2.670509	50.901126	29.585505	8.750164	3.741084	2.299547	70.670134	72.126773	75.212842	10.925710	54.464939	34.609351
오후 4:37:20.740 	48.048613	33.747916	7.144120	3.501966	2.645960	51.338392	29.831146	8.365190	3.660529	2.264809	70.491520	68.907483	75.338043	10.940404	54.459569	34.600027
오후 4:37:21.732 	48.050045	33.678668	7.115074	3.517977	2.653446	51.393291	29.686477	8.373072	3.664980	2.267006	70.071112	62.297651	75.596019	10.007931	53.910189	36.081880
오후 4:37:22.737 	47.767819	33.437526	7.428334	3.632481	2.617442	50.657328	29.882174	8.592761	3.752998	2.241393	69.984152	60.562100	75.218809	9.619190	54.288446	36.092363
오후 4:37:23.725 	48.596984	33.048324	7.229483	3.522377	2.614901	51.817643	29.231630	8.310445	3.674136	2.266261	69.734277	59.642044	75.866672	9.346712	54.801401	35.851887
오후 4:37:24.738 	48.690194	32.992745	7.223302	3.507006	2.616833	52.086533	29.020817	8.290602	3.672067	2.265302	69.659864	59.312292	75.950678	8.865692	55.535398	35.598910
오후 4:37:25.733 	48.451226	32.803235	7.811874	3.673719	2.600457	50.909261	29.189386	8.879869	3.870343	2.402706	69.585610	59.274334	75.982156	9.781728	52.074004	38.144268
오후 4:37:26.751 	49.020912	32.172373	7.747694	3.703288	2.485214	51.189177	28.866439	8.973191	3.777112	2.306302	69.474524	59.374598	76.030099	8.784918	54.252729	36.962353
오후 4:37:27.768 	48.678060	33.206442	7.359696	3.553137	2.530536	50.590813	29.737318	8.804580	3.817761	2.358943	69.324352	60.378530	76.622025	7.932533	54.830266	37.237201
오후 4:37:28.780 	48.715327	33.190476	7.313931	3.574185	2.534058	50.529474	29.762989	8.829714	3.799865	2.349475	69.277684	60.392245	76.915652	8.665134	53.928823	37.406043
오후 4:37:29.777 	48.759576	33.228371	7.335301	3.510265	2.536480	50.680878	29.642203	8.838061	3.777813	2.347960	69.226423	60.463853	76.867544	9.227665	53.436395	37.335940
오후 4:37:30.783 	47.474015	34.454645	7.450779	3.612614	2.569157	48.960476	31.056180	9.002498	3.926048	2.441042	69.179887	60.732624	76.891601	6.494034	53.656231	39.849735
오후 4:37:31.763 	48.143799	33.674774	7.459112	3.618453	2.595795	49.713522	30.121927	9.063354	3.928422	2.436740	69.134234	60.485029	76.240984	5.459684	56.343569	38.196747
오후 4:37:32.772 	48.662976	32.856213	7.598439	3.491248	2.547776	49.166909	30.414439	8.941484	3.861432	2.431663	69.193773	60.071511	76.151317	5.192225	56.579653	38.228122
오후 4:37:33.787 	48.978511	32.944676	7.498994	3.473098	2.499167	50.742843	29.949166	8.757144	3.734697	2.389239	69.157121	60.402884	75.540265	5.396495	55.714777	38.888728
오후 4:37:34.802 	48.830750	33.148564	7.360397	3.441427	2.512380	50.559275	30.045921	8.657991	3.743336	2.425805	69.253415	58.753121	74.552470	5.890618	57.914454	36.194928
오후 4:37:35.779 	48.669581	33.418694	7.406613	3.467772	2.449144	49.880167	30.837411	8.668529	3.733926	2.438893	69.357056	58.278541	74.775808	5.620806	57.928217	36.450977
오후 4:37:36.830 	48.612577	33.526035	7.386233	3.430741	2.390132	49.551659	31.459169	8.222881	3.698130	2.482296	69.399150	57.664619	73.980066	6.896477	55.901689	37.201834
오후 4:37:37.773 	49.328001	33.074401	7.044238	3.453518	2.384904	49.552670	31.370735	8.177207	3.767080	2.449847	69.577446	53.400238	53.215529	7.367460	54.090126	38.542413
오후 4:37:38.808 	51.251882	31.088050	7.017773	3.603936	2.414795	50.654540	30.452248	8.069689	3.781425	2.454620	69.296344	44.561727	36.520636	4.832762	54.524229	40.643009
오후 4:37:39.788 	51.427758	30.990212	6.953384	3.503116	2.413503	50.814875	30.438042	7.953841	3.685598	2.455570	69.371082	43.599819	36.587046	5.165084	53.932440	40.902476
오후 4:37:40.786 	50.304859	31.740411	7.071427	3.612681	2.457154	46.601317	32.822856	8.473646	4.179754	2.600076	69.419115	42.242407	33.579103	5.681508	52.288319	42.030172
오후 4:37:41.823 	51.600242	30.937117	6.980447	3.518135	2.254563	49.366417	31.518615	8.176916	3.830357	2.306949	69.373007	42.062046	33.460203	5.902736	52.272302	41.824963
오후 4:37:42.806 	51.901957	30.519504	6.973708	3.527679	2.281800	49.868757	31.122805	8.037802	3.805315	2.325560	69.303961	41.487817	33.121573	6.154857	51.406468	42.438675
오후 4:37:43.822 	51.639353	30.764802	6.981901	3.493372	2.254960	49.711010	31.405847	7.974221	3.716671	2.298993	69.152542	39.941882	31.945531	6.769841	49.517595	43.712564
오후 4:37:44.804 	51.246382	30.995562	6.816705	3.447894	2.219966	49.141013	32.001788	7.795337	3.708953	2.313747	69.119484	40.141472	32.404971	10.098628	48.521572	41.379800
오후 4:37:45.819 	51.208379	31.055419	6.393857	3.668745	2.336086	48.892340	32.035254	7.229152	4.109626	2.583262	69.216700	41.172797	33.111258	13.126064	47.246991	39.626945
오후 4:37:46.818 	50.521224	31.342163	6.553244	3.667249	2.415835	47.737340	32.846409	7.403907	4.143904	2.682924	69.285572	42.100050	32.556359	13.217039	47.193581	39.589380
오후 4:37:47.828 	50.433410	31.268209	6.590737	3.687532	2.489349	47.638277	32.955721	7.483811	4.203571	2.640732	69.479146	44.611247	32.650659	13.000820	47.276553	39.722628
오후 4:37:48.855 	55.709100	28.617046	5.857885	3.223789	2.069285	53.558935	29.563414	6.607755	3.599014	2.247743	69.831983	51.789494	33.782653	12.374640	47.353781	40.271579
오후 4:37:49.821 	55.288381	29.325513	5.716638	3.136002	1.691209	52.291967	30.672044	6.669484	3.564453	1.846092	69.984152	54.874323	33.381737	12.393957	47.398109	40.207934
오후 4:37:50.863 	53.267474	31.352230	6.033764	2.980987	1.709757	49.685826	33.359378	6.998845	3.345596	1.903454	69.930370	55.295316	33.528198	11.495652	48.383899	40.120449
오후 4:37:51.842 	52.395790	32.526024	5.956013	3.058463	1.631348	50.251878	33.477986	6.545763	3.304551	1.782956	70.178784	58.742585	33.108375	12.112850	48.028388	39.858762
오후 4:37:52.842 	49.124901	34.242164	6.721591	3.615953	1.713613	46.681792	34.951458	7.625290	3.925724	1.863063	70.285828	59.372051	33.050715	13.765974	46.552336	39.681689
오후 4:37:53.887 	50.539431	34.050228	5.847273	2.930850	1.602663	47.795833	35.304073	6.521964	3.305729	1.783218	70.285828	59.372051	33.626197	13.495045	47.145314	39.359642
오후 4:37:54.876 	51.664296	32.781119	6.246431	2.914376	1.584438	47.985064	34.767864	6.977034	3.271927	1.765216	70.295152	59.375995	33.492468	12.940720	48.133999	38.925282
오후 4:37:55.893 	51.314974	32.503722	6.739982	3.063050	1.626655	48.037715	34.147976	7.484701	3.424791	1.814329	70.510279	59.666284	33.492468	11.732105	49.499015	38.768880
오후 4:37:56.850 	51.827812	33.759435	5.952091	2.712867	1.497646	48.956227	34.936495	6.757826	3.086644	1.649855	70.557220	59.770297	33.385098	12.006133	47.964166	40.029700
오후 4:37:57.884 	53.444298	31.492112	6.454227	2.890974	1.431412	50.911822	32.626838	7.095987	3.224575	1.555795	70.632456	59.564491	33.250399	9.478359	45.461311	45.060330
오후 4:37:58.897 	53.094166	33.460260	5.700181	2.504853	1.380783	50.234185	34.557701	6.543492	2.836017	1.528497	70.722007	58.904184	33.182844	8.981361	46.064081	44.954558
오후 4:37:59.869 	52.859358	33.420917	5.774803	2.598157	1.405354	49.821302	34.776584	6.568975	2.901644	1.563324	70.835450	58.814013	33.425402	8.834284	47.575316	43.590400
오후 4:38:00.862 	53.089707	33.120623	5.737637	2.629654	1.426569	49.883480	34.641328	6.495512	2.977318	1.609873	70.839373	58.417880	33.068815	7.774855	43.053528	49.171617
오후 4:38:01.889 	53.256742	33.328677	5.635957	2.540344	1.375970	50.103377	34.710814	6.451367	2.860075	1.558622	70.867387	58.025573	33.228924	7.424067	40.206635	52.369298
오후 4:38:02.951 	53.413732	33.185336	5.617630	2.508364	1.376835	50.455600	34.463948	6.347838	2.841265	1.556593	70.867387	58.025573	32.827189	7.324670	40.976961	51.698369
오후 4:38:03.967 	51.749898	33.514991	6.360879	2.862502	1.529954	49.329465	34.411434	7.006433	3.120652	1.686597	70.806717	58.747614	32.553216	7.561975	42.953647	49.484378
오후 4:38:04.943 	52.717989	33.328429	5.890815	2.661100	1.453964	49.894077	34.324677	6.686186	2.998562	1.646324	70.897050	58.512605	32.544423	8.747278	43.659466	47.593255
오후 4:38:05.892 	51.264310	34.001603	6.461428	2.896154	1.523887	49.086656	35.009378	6.784214	3.151745	1.646282	70.802325	59.441191	32.719773	9.360279	44.132529	46.507192
오후 4:38:06.900 	52.852699	32.978108	5.953700	2.791006	1.464050	50.269472	34.049440	6.549339	3.067233	1.672592	70.665422	60.455899	32.609860	10.156958	43.397022	46.446019
오후 4:38:07.957 	52.552113	33.049890	6.209123	2.939399	1.507858	50.969246	33.884126	6.458947	3.069206	1.662661	70.882825	64.106845	46.051572	10.887199	42.628324	46.484477
오후 4:38:08.916 	52.818842	32.922909	6.172383	2.881540	1.497118	50.957521	33.837077	6.492509	3.075206	1.664545	70.773957	64.559123	54.611538	9.579875	43.676448	46.743677
오후 4:38:09.907 	53.127949	32.692941	6.108311	2.923616	1.522311	50.730764	33.964785	6.419162	3.100644	1.667267	70.646580	65.052312	54.453115	10.320827	42.531787	47.147386
오후 4:38:10.901 	51.837353	32.522911	6.877005	3.220472	1.697850	49.261038	33.546856	7.498766	3.548351	1.892812	70.582511	66.043543	54.822677	10.579696	41.332306	48.087998
오후 4:38:11.933 	52.239149	32.252064	6.787422	3.265512	1.680901	49.359345	33.514942	7.412424	3.544793	1.872782	70.515798	66.394044	54.708318	11.054816	41.241534	47.703650
오후 4:38:12.950 	52.259177	32.235208	6.784334	3.270045	1.671195	49.465598	33.418899	7.406306	3.550066	1.863656	70.346476	67.428424	54.541642	11.274707	41.241230	47.484063
오후 4:38:13.951 	52.311661	32.291417	6.779378	3.257806	1.672331	49.493185	33.427464	7.400464	3.569909	1.863225	70.374502	67.314601	54.967851	11.007498	41.191367	47.801135
오후 4:38:14.910 	48.918645	32.995879	8.096880	3.866399	1.878859	45.920976	34.290763	8.737316	4.254116	2.114716	70.309142	67.623666	55.212244	10.653805	41.533317	47.812878
오후 4:38:15.991 	50.067748	33.313480	7.357640	3.548780	1.783836	47.296287	34.547708	7.857218	3.886924	1.985975	70.220632	68.119828	55.212244	10.623804	41.569124	47.807072
오후 4:38:16.913 	50.422315	33.227304	7.399244	3.390849	1.670882	47.558026	34.658884	7.901318	3.705709	1.818118	70.094625	68.577342	54.639588	10.552805	41.507348	47.939847
오후 4:38:17.984 	50.189200	33.393803	7.638049	3.517593	1.658277	47.426135	35.031883	8.103903	3.765644	1.812501	69.883581	67.528715	54.439152	10.568316	41.281450	48.150234
오후 4:38:18.962 	50.864733	33.456421	7.116173	3.292584	1.629467	48.339149	34.818184	7.541777	3.556921	1.754354	69.715659	67.278286	54.231676	10.736728	40.620608	48.642664
오후 4:38:19.930 	48.968135	33.365517	8.031119	3.899642	1.781120	46.170033	34.869777	8.589821	4.107152	1.935074	69.627358	67.216305	54.200171	11.867298	36.395781	51.736920
오후 4:38:20.946 	49.148158	35.047714	7.182537	3.119004	1.533607	46.414803	36.673113	7.644595	3.327139	1.660274	69.673804	67.477686	54.808136	12.388912	36.932861	50.678226
오후 4:38:21.937 	51.581417	33.167008	7.012590	3.069890	1.491298	49.358817	34.357734	7.380006	3.291134	1.623120	69.645929	67.528293	55.040340	12.010594	36.204440	51.784966
오후 4:38:23.013 	51.963637	32.687219	7.032747	3.050479	1.475231	49.556593	34.043562	7.461667	3.248734	1.627638	69.743590	67.449612	55.337456	11.903388	36.091376	52.005236
오후 4:38:23.948 	51.955682	32.673580	7.010776	3.076101	1.484270	49.571416	34.043615	7.436857	3.264523	1.626710	69.771543	67.453485	55.360086	11.452820	36.195871	52.351309
오후 4:38:24.963 	51.889596	32.719437	7.078523	3.072396	1.482717	49.433555	34.177630	7.465757	3.268289	1.630691	69.780866	67.407095	55.452571	10.912905	36.404271	52.682823
오후 4:38:26.003 	50.568235	32.425513	7.850771	3.358608	1.704827	48.193213	33.519940	8.264351	3.626018	1.877980	69.822849	67.119172	55.353915	10.734596	36.633083	52.632322
오후 4:38:26.986 	53.329474	32.294039	6.670416	2.907962	1.405385	50.890182	33.597307	7.076754	3.172983	1.550190	69.868811	66.283215	55.445444	10.181810	37.502545	52.315645
오후 4:38:28.100 	53.364308	32.282699	6.659583	2.896210	1.415217	50.910518	33.587212	7.102108	3.145027	1.558490	69.878905	66.887242	55.800573	10.033661	37.659196	52.307143
오후 4:38:28.997 	53.386755	32.282880	6.643606	2.896429	1.419594	50.938881	33.611068	7.059168	3.161126	1.547913	69.953787	66.542661	56.318544	9.979402	37.705992	52.314606
오후 4:38:30.020 	53.294187	32.257491	6.760245	2.896099	1.415094	50.871595	33.552668	7.143384	3.139793	1.552266	69.991289	66.282444	56.318544	10.807412	38.207257	50.985331
오후 4:38:30.971 	53.167139	32.241489	6.820771	2.974607	1.419342	50.764895	33.547166	7.195105	3.177762	1.549720	69.963159	66.478005	56.409457	10.191012	36.076769	53.732219
오후 4:38:31.981 	53.177376	32.127334	6.844915	3.008083	1.429972	50.832586	33.458631	7.189953	3.199506	1.545842	69.953787	66.515275	56.140333	9.914729	34.712462	55.372809
오후 4:38:33.056 	50.604198	34.343815	7.133842	3.103414	1.399502	49.358610	34.614008	7.547918	3.293734	1.471537	70.038222	65.985682	56.188992	9.477786	34.528317	55.993898
오후 4:38:33.977 	51.239516	34.937630	6.219125	2.927674	1.432279	49.404396	35.866131	6.642460	3.088785	1.525909	70.005362	66.374469	56.921888	10.104548	34.697606	55.197846
오후 4:38:35.025 	54.428820	32.311693	5.847882	2.849746	1.407991	52.726679	33.171058	6.264223	2.999952	1.490531	69.993396	66.221955	57.214151	10.037711	34.534680	55.427609
오후 4:38:35.986 	53.968747	32.127571	6.204690	2.978979	1.466810	52.256194	33.117879	6.486546	3.156383	1.563261	70.072066	65.865349	57.182766	9.837287	34.280525	55.882188
오후 4:38:37.010 	55.091215	32.109142	5.631192	2.653176	1.389696	52.895641	33.286348	6.091886	2.878318	1.515464	70.094625	66.246256	57.524843	9.346615	34.522342	56.131043
오후 4:38:38.039 	55.124993	31.990959	5.633194	2.670432	1.405327	53.084292	32.960132	6.087975	2.921633	1.541621	70.061712	66.470069	57.572332	9.390894	34.463823	56.145283
오후 4:38:39.020 	54.965174	31.960917	5.627581	2.761706	1.471956	52.819140	33.048507	6.093138	2.991065	1.590542	70.122860	66.275572	57.944946	8.799757	35.772723	55.427520
오후 4:38:40.023 	54.666226	31.906073	5.780702	2.862769	1.560670	52.690596	32.770959	6.281572	3.103370	1.718390	70.132277	66.248278	57.992091	8.706210	35.868627	55.425163
오후 4:38:41.008 	51.933167	34.795743	5.499185	2.829445	1.647165	50.131411	35.669608	6.013690	2.989053	1.637683	70.094625	66.465912	58.148965	11.990833	36.519230	51.489937
오후 4:38:42.089 	51.917112	34.075542	5.517894	3.041967	2.105852	49.879521	35.150169	6.231224	3.180761	1.958384	70.021142	66.558038	58.388504	9.214247	34.284953	56.500799
오후 4:38:43.165 	51.617852	33.996901	5.545612	3.177450	2.270152	49.659636	34.989836	6.246043	3.312553	2.099193	70.160201	66.975953	58.924084	5.911872	33.806596	60.281531
오후 4:38:44.191 	51.927515	33.586302	5.581844	3.166170	2.290113	49.835058	34.856836	6.296915	3.293358	2.069758	70.174684	67.478008	59.254668	4.306434	36.196987	59.496580
오후 4:38:45.240 	51.823870	33.120665	5.708586	3.294499	2.397803	49.481103	34.601298	6.449093	3.451223	2.116974	70.057013	66.921682	59.429288	4.255229	36.551865	59.192906
오후 4:38:46.260 	51.845258	33.070202	5.699062	3.315144	2.410748	49.514886	34.571001	6.435525	3.493797	2.139114	69.981910	66.464501	59.121920	4.066394	38.487006	57.446601
오후 4:38:47.312 	51.575258	33.141638	5.913038	3.337525	2.449112	49.298923	34.634448	6.519405	3.551378	2.207085	69.846195	64.834882	58.688900	3.783444	39.165365	57.051191
오후 4:38:48.295 	51.291937	31.493105	6.953179	3.603736	2.550470	49.466025	32.698330	7.467027	3.825353	2.271765	69.408511	59.727103	59.217794	3.914525	37.423645	58.661830
오후 4:38:49.324 	49.675433	33.016815	7.032206	3.847640	2.708823	47.424833	34.483403	7.634813	4.036473	2.453414	69.088504	56.805506	58.595693	4.197246	41.857376	53.945378
오후 4:38:50.324 	50.054461	32.655490	6.892807	4.054035	2.713202	48.243167	34.155302	7.181540	4.191240	2.495732	68.960782	54.802392	58.967635	4.105007	38.981960	56.913033
오후 4:38:51.467 	50.207312	32.392179	6.457366	4.031215	2.963053	48.024412	34.106249	6.801574	4.190303	2.693591	68.612574	49.517601	59.288027	4.774567	38.397539	56.827894
오후 4:38:52.277 	49.679872	32.344604	6.665938	4.258693	3.094277	47.233061	34.381047	6.946863	4.381517	2.834560	68.466503	48.291570	58.936027	4.562113	38.035086	57.402801
오후 4:38:53.217 	48.618602	31.757917	7.162903	4.773007	3.273291	46.043911	33.795510	7.498330	4.904038	3.049836	68.484727	48.526797	59.860440	4.850339	38.405633	56.744028
오후 4:38:54.229 	47.838324	32.914515	7.248056	4.601055	3.283285	46.826147	34.123039	7.325584	4.535793	2.952811	68.478790	49.353399	60.251002	6.287600	35.889812	57.822588
오후 4:38:55.124 	49.168355	32.581778	6.460201	4.409204	3.300553	47.788723	33.546161	6.838254	4.461070	2.991156	68.915281	64.382963	69.368468	4.986694	37.494395	57.518911
오후 4:38:56.105 	47.598644	33.567789	6.651220	4.624392	3.451575	46.603256	34.371754	6.855907	4.671148	3.136529	68.521206	49.089485	59.922204	5.260246	37.059363	57.680392
오후 4:38:57.068 	45.927477	34.226237	7.265386	5.055616	3.791300	44.342686	35.745974	7.452777	5.052584	3.421643	68.521206	49.089485	59.939563	5.413017	36.995010	57.591974
오후 4:38:58.154 	47.870126	32.236355	7.036526	5.040083	3.958869	46.172408	33.744339	7.120141	5.075928	3.623321	68.489285	48.966811	59.939563	4.906099	35.820874	59.273027
오후 4:38:59.073 	45.592652	32.748795	7.765821	5.597042	4.320133	44.443560	33.931816	7.825893	5.585498	3.980813	68.641073	56.435805	66.746512	3.432941	38.794056	57.773003
오후 4:39:00.071 	45.994962	33.188895	7.551650	5.412961	4.220458	44.597871	34.339679	7.684870	5.482042	3.947853	68.631778	56.445888	73.116178	2.713443	39.960881	57.325676
오후 4:39:01.080 	47.184021	32.222247	7.311854	5.445003	4.250785	45.609943	33.358346	7.614742	5.496824	3.989955	68.580568	56.258590	72.545814	2.587140	40.413894	56.998965
오후 4:39:02.107 	47.001314	32.314709	7.284836	5.438632	4.359099	45.334225	33.614437	7.514548	5.530055	4.083693	68.644610	55.846624	72.704982	2.916760	40.665351	56.417889
오후 4:39:03.163 	45.201544	33.609040	7.655781	5.263796	4.196330	43.557008	34.982713	7.814195	5.344605	3.937135	68.708773	55.419394	72.576082	2.923832	40.821817	56.254351
오후 4:39:04.124 	45.082248	33.419228	7.643530	5.370827	4.259379	43.538523	34.744662	7.822152	5.436158	3.997461	68.727127	55.361333	72.418227	2.941534	40.808147	56.250319
오후 4:39:05.115 	44.946780	33.393007	7.663363	5.421980	4.307256	43.469153	34.728988	7.828379	5.452103	4.050464	68.786846	54.864832	72.413438	3.494071	41.051461	55.454468
오후 4:39:06.093 	44.870893	33.345038	7.677132	5.465840	4.374704	43.372141	34.746108	7.825360	5.506990	4.114868	68.892757	54.243637	64.480918	3.240442	41.470935	55.288623
오후 4:39:07.125 	44.975602	33.902920	7.493742	5.346243	4.296653	43.468387	35.273242	7.658554	5.404786	4.052275	68.640032	48.326356	57.339399	3.094670	41.939756	54.965574
오후 4:39:08.191 	44.918848	33.844282	7.493045	5.364084	4.348245	43.536734	35.098169	7.652921	5.440969	4.085069	68.687580	48.440239	57.932973	2.888287	41.561205	55.550508
오후 4:39:09.169 	44.261858	33.601753	7.711850	5.340859	4.353176	42.787046	34.544675	7.926107	5.383934	4.058230	68.681260	47.999366	57.709153	2.782762	41.446963	55.770275
오후 4:39:10.152 	47.000576	31.815885	7.270996	5.025971	4.105098	46.666586	32.090289	7.209600	4.983433	3.777262	68.649190	48.395781	57.580812	2.996348	41.220776	55.782877
오후 4:39:11.141 	47.017691	31.737347	7.272670	5.062490	4.138540	46.645370	32.057969	7.216946	5.017136	3.818950	68.699599	47.716510	57.677094	3.150078	40.908747	55.941175
오후 4:39:12.184 	46.913416	31.556622	7.487680	5.082627	4.171216	46.548594	32.000175	7.322842	5.044881	3.838506	68.750084	47.234404	57.127325	1.951338	40.562782	57.485880
오후 4:39:13.199 	47.287010	32.139935	7.158171	4.837336	4.124077	46.554539	32.464789	7.202805	4.879534	3.880755	68.713360	47.293978	56.890084	1.188168	42.553234	56.258598
오후 4:39:14.188 	47.006200	32.074876	7.138832	5.021496	4.281317	46.195513	32.413553	7.238813	5.052702	4.051395	68.731717	47.166854	56.859597	0.744721	44.991322	54.263957
오후 4:39:15.133 	46.984536	31.953942	7.230221	5.055826	4.372373	46.217514	32.289970	7.282313	5.083431	4.124843	68.865096	47.416541	57.731183	0.438476	46.243119	53.318405
오후 4:39:16.149 	47.444118	32.365349	6.957131	4.875921	4.228539	46.708178	32.851071	6.991961	4.868116	3.973794	69.152542	50.008605	57.469390	0.522496	48.206574	51.270930
오후 4:39:17.180 	50.277689	31.803812	6.234202	4.210828	3.476453	49.657869	32.469089	6.120914	4.171344	3.223750	69.299363	50.426903	57.594084	0.668863	50.077175	49.253961
오후 4:39:18.223 	57.688946	25.726494	5.828808	3.660264	3.029336	56.454432	26.512137	6.155166	3.688484	2.852452	69.549233	52.373660	57.299064	1.256773	50.582197	48.161030
오후 4:39:19.213 	57.315942	27.958500	5.028629	3.319463	2.831880	56.175806	28.795738	5.168230	3.362234	2.678137	69.650573	53.001868	57.141518	1.389071	49.374356	49.236573
오후 4:39:20.153 	57.068101	28.051913	5.167308	3.299928	2.819513	55.739928	29.041833	5.395710	3.317259	2.635925	69.734277	54.481462	57.079708	1.813050	49.538800	48.648150
오후 4:39:21.178 	55.816145	28.640452	5.470897	3.525332	2.990957	54.085804	29.988498	5.754365	3.520642	2.753086	69.874231	55.604081	56.661228	2.232680	47.964761	49.802560
오후 4:39:22.168 	55.186139	30.263076	5.000569	3.205933	2.754533	53.768683	31.399778	5.239127	3.187038	2.537896	69.892934	55.780643	56.831795	2.798739	44.105110	53.096150
오후 4:39:23.216 	55.119564	30.339349	4.981842	3.179209	2.731574	53.412597	31.620115	5.310539	3.168607	2.523627	69.891849	55.369082	56.468027	2.965051	43.700533	53.334417
오후 4:39:24.189 	55.193383	30.177213	4.955342	3.203700	2.756237	53.491188	31.470632	5.280683	3.165433	2.530075	69.916326	55.724025	56.795718	3.745855	40.593344	55.660800
오후 4:39:25.180 	55.434468	30.130358	4.989915	3.121738	2.668238	53.898152	31.294541	5.281971	3.068227	2.455834	69.860210	55.832825	56.075389	4.060257	40.640459	55.299284
오후 4:39:26.199 	54.338535	31.063987	5.269063	3.163254	2.626670	53.000377	32.001458	5.576348	3.117752	2.395420	69.883581	55.573836	56.081481	4.534725	40.292276	55.172999
오후 4:39:27.193 	53.949797	31.538674	5.076291	3.106231	2.704017	52.981329	32.287021	5.238039	3.018348	2.417143	69.916326	55.264387	55.577693	3.436513	38.831352	57.732135
오후 4:39:28.232 	52.770106	32.653007	5.130013	3.081201	2.643850	51.247147	33.954916	5.239623	2.984289	2.356869	69.869556	55.397552	55.479260	3.530747	38.674483	57.794771
