Time	Fp1_Delta(%)	Fp1_Theta(%)	Fp1_Alpha(%)	Fp1_Beta(%)	Fp1_Gamma(%)	Fp2_Delta(%)	Fp2_Theta(%)	Fp2_Alpha(%)	Fp2_Beta(%)	Fp2_Gamma(%)	Heartbeat(bpm)	SDNN(ms)	RMSSD(ms)	VLF(%)	LF(%)	HF(%)
오후 4:51:06.758 	42.950640	37.835558	6.804135	4.276042	3.700075	43.582680	39.198177	6.645860	3.536359	2.737070	69.576339	56.615460	43.870914
오후 4:51:07.753 	42.902964	37.962874	6.701518	4.225453	3.671991	43.568912	39.254730	6.513103	3.492820	2.713828	69.613436	56.894934	43.641903
오후 4:51:08.709 	42.804539	38.062588	6.713837	4.215069	3.658443	43.529765	39.386112	6.484082	3.486496	2.708334	69.685055	56.445793	42.798690
오후 4:51:09.756 	43.005799	37.916072	6.695703	4.238067	3.686281	43.388945	39.475956	6.505980	3.487668	2.710611	69.645929	56.721221	42.708250
오후 4:51:11.104 	44.065952	37.389231	6.475175	4.200286	3.654642	45.134769	38.433635	6.207184	3.447438	2.654486	69.641286	56.745100	42.333327
오후 4:51:12.009 	44.413262	37.000624	6.527600	4.266986	3.715432	45.568103	38.051586	6.227610	3.490018	2.686700	69.669157	56.973760	42.614829
오후 4:51:12.768 	46.089582	35.510039	6.386759	4.099314	3.572400	47.255159	36.498772	6.120654	3.334400	2.605316	70.365157	76.906576	70.211900
오후 4:51:13.766 	46.943375	34.493900	6.176396	4.016161	3.629525	47.945119	35.731064	5.885444	3.250569	2.626247	70.613632	78.347594	69.774288
오후 4:51:14.718 	49.114037	33.278267	5.917158	3.910198	3.520855	51.867959	33.077743	5.606354	3.066160	2.492003	70.788138	80.206902	69.614914
오후 4:51:15.747 	48.993830	33.416488	5.804063	3.988899	3.900737	49.997242	35.556685	5.145551	2.972552	2.735188	71.177016	82.945699	69.381671
오후 4:51:16.735 	47.483354	33.249782	6.011126	4.506356	4.310927	48.196537	35.345359	5.340329	3.617951	3.605267	71.297679	83.413270	69.367889
오후 4:51:17.805 	47.034698	33.238566	5.985043	4.685612	4.487883	47.427220	35.283786	5.293897	3.869704	4.151907	71.163634	82.987530	69.817691
오후 4:51:18.771 	46.223975	33.115889	6.336873	4.801420	4.415903	46.357620	35.198566	5.723486	4.123259	4.211016	71.039614	83.266235	69.753381
오후 4:51:19.754 	47.513027	32.814985	5.963401	4.633380	4.416482	47.479721	35.007007	5.310840	3.944867	4.221531	70.996785	83.416896	69.579448
오후 4:51:20.766 	48.240230	32.483310	5.850772	4.487940	4.270188	48.181465	34.639177	5.253219	3.811130	4.081284	70.946882	82.697781	69.105417
오후 4:51:21.755 	46.825307	33.114546	5.968145	4.621635	4.369185	47.464930	34.824195	5.225088	3.902538	4.197725	71.162883	91.811354	78.355356
오후 4:51:22.825 	48.600280	32.141323	5.876469	4.443004	4.228852	48.610998	34.195278	5.172659	3.790342	4.096235	70.731447	81.698553	69.614914
오후 4:51:23.810 	49.191117	31.914290	5.652942	4.467493	4.246563	48.990240	34.057971	5.004003	3.799187	4.109955	70.783410	82.107807	69.614914
오후 4:51:24.843 	48.440231	32.463975	5.666832	4.416735	4.214089	48.456728	34.509190	5.010768	3.756196	4.079022	71.003104	83.081882	69.123015
오후 4:51:25.828 	48.414584	32.169710	5.734149	4.425837	4.186476	48.432946	34.284029	5.019260	3.767478	4.051730	71.120655	84.276358	69.006262
오후 4:51:26.842 	48.289362	32.711271	5.568962	4.327359	4.110973	48.338621	34.664117	4.910234	3.668757	3.972591	71.326469	84.523232	68.999758
오후 4:51:27.816 	49.751532	31.160717	5.643504	4.489145	4.220568	49.003411	33.671697	5.001298	3.759338	4.062489	71.480407	84.021869	68.556046
오후 4:51:28.794 	50.803100	31.093402	5.496822	4.328914	4.067137	50.058844	33.432913	4.886811	3.644912	3.938692	71.437114	83.476933	68.188921
오후 4:51:29.798 	50.789128	31.102407	5.507243	4.331316	4.055871	50.062412	33.426594	4.889533	3.653248	3.936562	71.432368	83.512632	68.294240
오후 4:51:30.784 	50.074799	32.305786	5.449566	4.148403	3.884418	49.548078	34.354480	4.841504	3.529828	3.807711	71.451356	83.353600	68.021698
오후 4:51:31.807 	50.243305	32.163235	5.446518	4.134650	3.856548	49.726077	34.203395	4.838026	3.530828	3.799392	71.532167	82.371355	67.942000
오후 4:51:32.854 	50.473328	32.224408	5.401905	4.045367	3.764138	50.018662	34.207283	4.800541	3.473241	3.738362	71.641791	80.753999	67.746427
오후 4:51:33.825 	50.159239	32.309563	5.481512	4.113116	3.770775	49.697927	34.254395	4.852218	3.531428	3.767632	71.756540	79.777268	67.705612
오후 4:51:34.795 	49.586790	33.331936	5.413573	4.029241	3.696607	49.041454	35.147456	4.814708	3.490744	3.707589	71.924543	78.634648	67.468395
오후 4:51:35.811 	49.944918	33.155739	5.345717	4.000630	3.671255	49.035933	35.172999	4.798123	3.461423	3.684906	72.030549	78.163022	67.468395
오후 4:51:36.830 	49.183111	33.788635	5.317031	4.073609	3.730890	48.400143	35.647649	4.750250	3.519723	3.734979	72.146548	78.235740	66.907211
오후 4:51:37.854 	50.294529	32.603841	5.335502	4.219601	3.822237	48.789492	35.068829	4.826638	3.609393	3.844139	72.103004	78.096608	67.118411
오후 4:51:38.824 	50.715095	32.421383	5.247871	4.212333	3.823719	49.373359	34.690367	4.744016	3.601648	3.845444	71.963055	78.118307	67.433970
오후 4:51:39.813 	50.000735	33.160349	5.258478	4.121673	3.749575	48.583373	35.440587	4.760993	3.510252	3.756454	71.958239	78.101462	67.955018
오후 4:51:40.830 	50.189317	33.001601	5.257578	4.117157	3.754454	48.828111	35.225458	4.752775	3.508259	3.754142	71.842844	78.960097	68.620506
오후 4:51:41.846 	50.201022	32.982261	5.368489	4.097747	3.718332	48.629048	35.099306	4.909009	3.541636	3.758029	71.852446	78.914073	68.460798	2.376542	48.697322	48.926135
오후 4:51:42.884 	50.387997	32.951676	5.321504	4.002175	3.647715	48.894706	34.961410	4.853635	3.451138	3.688173	71.881268	78.504915	68.673660	1.419847	49.680353	48.899800
오후 4:51:43.868 	50.108137	33.389491	5.279446	3.869936	3.529838	48.685198	35.295190	4.788467	3.354624	3.582675	71.919732	77.794737	68.705854	1.241913	49.038777	49.719310
오후 4:51:44.856 	49.959820	33.523698	5.227871	3.815270	3.452094	48.592913	35.338129	4.739324	3.311244	3.520174	72.069174	75.636667	69.226913	1.224299	49.709743	49.065958
오후 4:51:45.846 	52.128304	32.103747	5.130879	3.675407	3.331223	50.507663	34.026750	4.656850	3.206798	3.414533	72.219237	72.811078	68.111043	1.558339	51.998245	46.443416
오후 4:51:46.844 	53.169447	31.078246	5.130742	3.675819	3.319335	51.474240	33.130513	4.629533	3.167249	3.380680	72.238646	72.600077	68.085064	1.725516	51.929594	46.344889
오후 4:51:47.885 	53.195129	31.288258	5.062586	3.663614	3.305693	51.461535	33.275419	4.624122	3.168470	3.375267	72.326113	71.800662	68.221344	2.153266	49.227273	48.619462
오후 4:51:48.860 	52.813009	31.314773	5.285804	3.749090	3.369981	51.011917	33.307666	4.821916	3.260686	3.467122	72.327895	71.130042	67.208910	2.153585	49.225833	48.620582
오후 4:51:49.853 	52.499495	31.904210	5.119078	3.679358	3.322408	50.830777	33.866802	4.640828	3.191755	3.416914	72.270378	71.223730	67.254301	3.143223	47.493854	49.362923
오후 4:51:50.892 	52.915129	32.059782	5.015687	3.584295	3.237298	51.602412	33.914764	4.548394	3.114067	3.315069	72.301795	71.660278	67.713777	3.929695	46.137083	49.933222
오후 4:51:51.867 	52.823427	32.463451	4.884523	3.531577	3.202250	51.615018	34.376481	4.380556	3.052451	3.269425	72.253209	71.921668	67.713777	4.021223	46.154687	49.824090
오후 4:51:52.954 	53.765631	31.178852	4.912179	3.577261	3.252716	52.482374	33.118551	4.475439	3.126658	3.350682	72.151389	72.164318	67.347010	5.205916	46.936654	47.857431
오후 4:51:53.902 	53.622366	31.290113	4.942523	3.569651	3.226482	52.289760	33.141232	4.521654	3.144200	3.347217	72.151389	72.164318	67.399527	5.043328	46.878961	48.077711
오후 4:51:54.909 	54.106898	31.313923	4.664843	3.453859	3.055673	52.764658	33.074551	4.239281	3.040453	3.258111	72.030549	73.563131	67.792111	5.369288	46.866197	47.764515
오후 4:51:55.880 	54.406592	31.479406	4.493789	3.294641	2.945628	52.937504	33.207411	4.124486	2.946087	3.147676	71.736835	76.357347	68.402035	5.772500	46.823006	47.404494
오후 4:51:56.887 	54.885597	31.320579	4.487684	3.201016	2.924412	53.125217	33.281746	4.212879	2.894479	3.129094	71.958239	83.012553	77.001661	5.855310	46.578740	47.565950
오후 4:51:57.964 	54.748975	31.846721	4.332718	3.014127	2.680805	53.143666	33.504251	4.015858	2.708164	2.952638	71.518996	78.021948	68.990001	6.166772	46.380721	47.452507
오후 4:51:58.886 	54.901724	31.802995	4.326409	3.002439	2.661824	53.230009	33.474670	4.013278	2.705139	2.946583	71.369697	80.263890	68.781522	6.944896	53.759318	39.295786
오후 4:51:59.923 	54.847465	31.895554	4.317894	2.969216	2.640669	53.113076	33.577453	3.990952	2.702019	2.950326	71.351782	82.395514	74.762028	7.080603	53.765285	39.154112
오후 4:52:00.900 	54.485750	32.127957	4.360240	2.988894	2.663594	52.878252	33.643518	4.045402	2.727291	2.986273	71.130201	85.263494	83.433502	7.258681	53.657818	39.083501
오후 4:52:01.925 	55.314138	31.368459	4.424320	3.116881	2.730883	53.280237	33.327443	4.081166	2.853163	3.079530	70.987274	86.660617	83.356817	7.000522	50.525788	42.473690
오후 4:52:02.937 	53.186977	33.186520	4.740904	3.086548	2.748166	51.697626	34.512141	4.318389	2.808648	3.081195	70.825982	87.394980	83.374313	7.013631	50.178600	42.807769
오후 4:52:03.941 	55.177704	32.280498	4.157526	2.871562	2.616394	53.339844	33.877643	3.816246	2.623598	2.974094	70.646580	88.928477	83.508774	6.727027	49.665631	43.607342
오후 4:52:04.942 	54.181117	33.224020	4.207814	2.798154	2.541901	52.832304	34.389118	3.763543	2.541993	2.893246	70.538436	89.386539	83.798475	6.498590	49.185825	44.315585
오후 4:52:05.959 	55.331014	32.100484	4.218759	2.885374	2.624648	53.793836	33.590827	3.757339	2.574347	2.978278	70.368524	90.709915	84.327049	5.967679	52.515624	41.516697
오후 4:52:06.949 	55.853850	32.179395	3.963474	2.764132	2.562796	54.389013	33.519054	3.577185	2.492263	2.910710	70.188831	91.983340	84.327049	5.050214	53.704344	41.245442
오후 4:52:07.954 	56.085620	31.993428	3.937658	2.773430	2.562278	54.222496	33.623887	3.570055	2.507462	2.924119	70.132277	92.222901	84.741938	5.101656	53.797100	41.101244
오후 4:52:08.947 	56.612268	31.688387	3.784307	2.755094	2.568541	54.749808	33.267098	3.448542	2.502485	2.940341	70.033526	93.065954	84.963367	4.071112	54.801622	41.127266
오후 4:52:09.926 	56.688539	31.690149	3.728898	2.796482	2.591198	54.448177	33.688256	3.352955	2.551147	2.997952	69.921007	94.204243	84.511845	3.096085	57.534595	39.369320
오후 4:52:10.935 	56.092819	32.095839	3.789175	2.764617	2.565664	54.008637	33.866170	3.414231	2.524896	3.000766	69.804184	94.242898	72.136694	2.384785	60.485547	37.129668
오후 4:52:11.939 	55.806570	32.367806	3.813267	2.756932	2.553754	53.894244	33.971774	3.424769	2.523725	2.995338	69.054553	78.435769	63.966143	2.462930	60.321170	37.215901
오후 4:52:12.972 	54.664624	32.633563	4.094952	2.946253	2.664734	52.213139	34.764823	3.628362	2.689342	3.152349	68.768460	76.606036	63.993244	2.560645	60.458249	36.981106
오후 4:52:13.966 	55.075427	33.063348	3.830105	2.983016	2.600807	51.230234	36.245527	3.412213	2.703588	3.153625	68.331087	70.427641	64.681722	2.765177	60.594661	36.640162
오후 4:52:14.945 	52.882863	34.949512	4.012973	2.970700	2.683290	48.592704	38.690534	3.474449	2.746525	3.433427	68.087850	68.331389	64.463595	1.889180	61.814089	36.296730
오후 4:52:15.959 	52.892907	35.510428	4.238461	2.745791	2.050308	48.042378	35.779987	5.709228	4.142889	3.016713	67.896323	68.200091	63.797382	1.336619	62.459050	36.204331
오후 4:52:16.956 	53.194274	35.934462	4.218962	2.236506	1.711227	53.762093	35.401631	4.025401	1.942204	2.025511	67.843628	67.914236	64.396605	0.694629	62.284505	37.020866
오후 4:52:18.003 	52.126789	35.738067	5.157956	2.591443	1.536558	54.189307	36.068579	4.141044	1.698733	1.130721	67.850880	68.413063	64.534568	0.575858	60.287757	39.136385
오후 4:52:18.986 	53.156071	36.318317	4.162721	1.985212	1.546307	54.379912	36.295991	3.887738	1.518793	1.129575	67.846339	68.368831	65.032813	0.592991	60.362684	39.044324
오후 4:52:19.971 	53.330699	35.836978	4.354682	2.025983	1.654250	54.252270	35.663313	4.103423	1.869994	1.349921	67.941827	69.565039	65.373043	0.549592	59.916317	39.534091
오후 4:52:20.993 	51.223493	37.032912	4.322433	2.454057	2.213149	50.971891	36.896102	4.093198	2.543806	2.639002	67.978274	69.996055	65.281409	0.726155	63.083005	36.190840
오후 4:52:21.986 	51.897380	36.602644	4.230731	2.437740	2.196106	51.991731	36.232243	3.973679	2.469314	2.595262	68.135593	71.309041	64.824209	0.271744	60.407034	39.321222
오후 4:52:23.028 	51.859073	36.731591	4.174645	2.429838	2.161642	51.748575	36.437781	3.903523	2.519617	2.674503	67.946381	69.282923	65.362269	0.095394	59.470182	40.434424
오후 4:52:23.976 	51.882948	36.719984	4.172484	2.399223	2.174623	51.730672	36.341187	3.888372	2.521417	2.779505	67.846339	67.682097	65.572037	0.115573	59.183059	40.701368
오후 4:52:25.034 	51.294926	36.536030	4.364515	2.563835	2.300076	50.949363	36.296822	4.037683	2.685490	2.952348	67.787362	66.407937	65.788273	0.601299	56.150060	43.248641
오후 4:52:26.030 	51.614862	36.629353	4.189799	2.469460	2.260277	51.229079	36.342490	3.884707	2.640515	2.945653	67.606536	63.805549	65.550553	0.778455	55.679560	43.541985
오후 4:52:27.000 	51.252091	36.871616	4.318916	2.513289	2.279818	50.750912	36.713154	3.987361	2.693507	3.027291	67.579495	63.711829	65.550553	1.245290	56.034032	42.720679
오후 4:52:28.065 	49.539879	37.697530	4.729326	2.782799	2.348232	48.937697	37.450921	4.484315	3.020587	3.133933	67.579495	63.711829	65.469926	1.664735	52.448743	45.886522
오후 4:52:29.003 	51.248896	36.868364	4.220130	2.448741	2.279904	50.579646	36.637221	3.930001	2.735718	3.119644	67.543474	63.878199	65.984236	2.080155	52.152583	45.767262
오후 4:52:30.022 	51.371056	36.876276	4.197475	2.418076	2.262148	50.434602	36.712608	3.920088	2.771978	3.186317	67.480530	64.262137	66.028692	1.866786	51.911323	46.221891
오후 4:52:31.006 	51.848283	35.650914	4.333201	2.614692	2.426228	50.668758	35.504457	4.068564	2.990759	3.473440	67.471547	64.272099	66.282407	1.781129	53.764565	44.454305
오후 4:52:32.015 	52.218768	35.448891	4.207480	2.545003	2.422901	50.981928	35.260172	3.939799	2.955306	3.528087	67.494008	64.292434	66.090880	1.533217	51.262061	47.204722
오후 4:52:33.102 	52.217942	34.875724	4.263647	2.603336	2.507410	50.768678	34.591801	3.996614	3.099773	3.804091	67.318455	64.588257	67.138228	1.628671	52.017904	46.353425
오후 4:52:34.075 	52.235282	34.974099	4.223304	2.577196	2.495389	50.723214	34.626747	3.979330	3.095737	3.856936	67.368421	68.286792	74.134884	2.195479	49.381852	48.422669
오후 4:52:35.081 	52.816630	34.118779	4.375027	2.711887	2.575490	51.521172	33.649139	4.063634	3.276165	4.016676	67.286696	68.245957	74.552089	2.147200	49.633683	48.219118
오후 4:52:36.040 	53.049776	34.156710	4.326444	2.626556	2.549968	51.912414	33.421402	3.997693	3.250323	4.066997	67.191601	66.916981	76.485794	2.860299	49.461953	47.677749
오후 4:52:37.051 	53.082744	34.224792	4.323500	2.569940	2.510831	51.891845	33.434828	3.994592	3.229015	4.083864	67.033705	66.995593	77.137620	4.729501	47.305819	47.964681
오후 4:52:38.069 	53.144669	34.272290	4.310814	2.532555	2.494931	51.933508	33.454265	3.982652	3.221183	4.076699	66.809841	67.946577	76.486412	5.721374	47.007294	47.271332
오후 4:52:39.052 	53.242442	34.276668	4.327205	2.483388	2.432606	51.942107	33.450778	3.988651	3.195272	4.079274	66.669379	69.622306	76.468994	6.284195	46.944580	46.771224
오후 4:52:40.038 	53.798626	33.648339	4.276901	2.735725	2.558652	52.699042	32.589534	3.898893	3.506334	4.335481	66.552028	71.267692	76.113426	8.228053	51.344648	40.427300
오후 4:52:41.045 	53.801391	33.638632	4.258664	2.795506	2.565801	52.752495	32.554280	3.877684	3.522247	4.387771	66.449251	70.692032	76.284472	10.012032	54.272573	35.715395
오후 4:52:42.107 	53.254364	34.109501	4.339063	2.932330	2.704131	52.037140	33.074444	3.925376	3.692813	4.651680	66.760281	77.583904	84.358270	10.628272	54.413287	34.958440
오후 4:52:43.066 	52.575137	34.699389	4.305191	3.068984	2.786017	51.242746	33.586061	3.918556	3.900154	4.846212	66.764745	77.551843	91.495099	9.058484	56.423620	34.517896
오후 4:52:44.077 	51.932797	35.090297	4.359460	3.160977	2.912530	50.369946	33.981658	3.994218	4.038031	5.110619	66.742429	77.465715	91.668221	9.190597	56.199567	34.609835
오후 4:52:45.063 	50.838209	35.944147	4.478735	3.265915	2.969928	49.418699	34.650013	4.090437	4.147378	5.236857	66.680024	77.670279	91.960356	10.883198	52.122391	36.994411
오후 4:52:46.095 	49.785819	37.049072	4.324055	3.324608	2.998115	48.488338	35.583089	3.933945	4.190252	5.296998	66.520503	78.667877	92.650735	12.725747	48.681233	38.593020
오후 4:52:47.067 	49.931414	36.297131	4.440351	3.448817	3.157203	48.385413	34.875619	4.032646	4.412917	5.588225	66.475521	78.328959	93.276022	11.880803	49.505707	38.613490
오후 4:52:48.078 	49.487357	36.664706	4.300650	3.495315	3.198309	47.766623	35.320767	3.914617	4.473912	5.687037	66.498004	78.398863	93.194192	11.886778	49.551564	38.561658
오후 4:52:49.118 	50.795542	34.483567	4.605302	3.703051	3.386738	48.838109	33.085573	4.187257	4.748288	6.041343	66.448560	78.243396	93.244857	11.843957	49.458535	38.697509
오후 4:52:50.074 	50.923638	35.083987	4.492418	3.523277	3.254677	48.907715	33.789539	4.125793	4.573799	5.820525	66.399189	77.910963	93.147400	11.985077	46.401201	41.613722
오후 4:52:51.108 	48.654717	35.348113	4.919221	4.026438	3.654398	46.136735	34.086408	4.569827	5.188378	6.514896	66.444829	77.781132	93.233594	11.484260	41.963949	46.551791
오후 4:52:52.099 	47.493640	35.539489	5.138906	4.204196	3.814298	44.958040	34.165887	4.720340	5.405034	6.803069	66.345414	78.292208	93.272127	10.617488	35.278358	54.104153
오후 4:52:53.102 	47.076220	36.235551	5.102236	4.100416	3.745646	44.672315	34.741610	4.664076	5.275946	6.740650	66.453052	78.242308	93.583216	10.431816	32.593332	56.974853
오후 4:52:54.096 	47.169164	36.286969	5.135042	4.061580	3.712313	44.824997	34.750973	4.702751	5.227141	6.702458	66.597114	77.434846	93.075867	10.049893	32.899686	57.050421
오후 4:52:55.092 	46.973732	36.509969	5.124954	4.073903	3.717436	44.570555	34.900154	4.661054	5.311832	6.797295	66.579072	77.513979	93.344807	9.465061	34.555107	55.979832
오후 4:52:56.093 	47.328453	36.224363	5.069937	4.086903	3.681331	44.762187	34.627758	4.645126	5.329255	6.771171	66.615166	77.329797	93.122695	8.900793	35.644309	55.454898
오후 4:52:57.097 	47.464887	36.283317	5.055282	4.058645	3.659890	44.859899	34.494684	4.627852	5.379796	6.838665	66.823465	76.928043	93.712532	9.191760	35.147112	55.661128
오후 4:52:58.164 	46.185559	36.762368	5.503738	4.377579	3.956822	43.336486	34.923594	4.987697	5.797341	7.395564	66.937219	76.704499	88.397938	8.770263	35.236894	55.992842
오후 4:52:59.102 	46.504906	36.666346	5.446159	4.306913	3.901190	43.543265	34.852175	4.954589	5.769317	7.380334	66.818364	72.943753	79.972360	9.416120	35.346374	55.237506
오후 4:53:00.126 	46.394181	36.868313	5.452375	4.316628	3.887120	43.513235	34.963007	4.955645	5.770836	7.381578	67.051713	72.684425	79.914204	11.432859	30.668032	57.899110
오후 4:53:01.115 	46.465804	36.835424	5.456473	4.286869	3.873840	43.564587	34.937908	4.952363	5.751520	7.384128	67.187079	72.175475	80.133187	11.271618	30.828340	57.900043
오후 4:53:02.123 	46.537365	36.691303	5.535058	4.248435	3.855630	43.570455	34.818569	5.009115	5.735082	7.406382	67.268562	71.906031	80.021536	10.583627	30.796027	58.620346
오후 4:53:03.126 	46.718669	35.707067	5.727764	4.595543	4.154888	43.583340	33.747636	5.170647	6.211279	7.988426	67.450345	71.377660	79.900778	9.267559	31.182419	59.550022
오후 4:53:04.152 	46.675554	35.826912	5.608256	4.571363	4.179417	43.475544	33.779061	5.093041	6.214712	8.067745	67.486819	71.234863	80.277358	8.253823	29.061951	62.684226
오후 4:53:05.165 	45.425252	36.255487	5.949674	4.985606	4.519702	41.442009	34.297295	5.453822	6.862833	8.801694	67.538974	70.665715	80.387900	8.013593	21.915666	70.070740
오후 4:53:06.152 	44.643529	35.366840	6.408728	5.403870	4.898244	40.306969	33.350924	5.844961	7.444949	9.606960	67.647137	69.722009	80.007371	8.922531	22.405102	68.672366
오후 4:53:07.174 	44.538654	35.552315	6.412027	5.381251	4.896432	40.023498	33.517399	5.845002	7.477795	9.682980	67.624575	69.863303	79.936921	8.959662	22.339239	68.701099
오후 4:53:08.166 	44.568972	35.587522	6.386071	5.357735	4.886925	40.068366	33.524720	5.831327	7.451940	9.684041	67.728487	69.278302	80.230053	9.032766	22.401322	68.565912
오후 4:53:09.293 	44.548112	35.649799	6.369134	5.326369	4.872534	40.083182	33.489128	5.865471	7.423475	9.683459	67.882684	68.412309	79.807602	6.759889	22.177162	71.062949
오후 4:53:10.156 	43.748342	35.732765	6.971546	5.335017	4.719486	39.540261	33.532165	6.479767	7.376619	9.394577	67.887230	68.390912	80.066032	7.327516	21.994940	70.677544
오후 4:53:11.161 	43.383041	36.192150	6.527894	5.714655	5.277935	38.623055	33.780134	5.922036	7.996680	10.465734	67.941827	68.067494	80.066032	7.276933	22.236028	70.487039
오후 4:53:12.245 	43.399255	36.282974	6.459322	5.676905	5.283238	38.575087	33.804825	5.891008	8.002421	10.501399	68.074134	67.923616	80.403960	7.315366	22.234181	70.450453
오후 4:53:13.164 	43.627751	36.246433	6.407758	5.658083	5.265840	38.585846	33.777656	5.879889	8.015952	10.549137	68.087850	67.789875	80.403960	7.883833	22.197789	69.918378
오후 4:53:14.181 	43.813606	36.118229	6.347011	5.624587	5.264912	38.784904	33.493616	5.813052	8.031203	10.602349	68.211546	67.121463	80.170049	7.931365	21.901492	70.167143
오후 4:53:15.187 	44.274738	35.111900	6.486322	5.797918	5.443282	39.435686	31.937071	5.952307	8.355769	11.099368	68.257474	67.334678	79.919299	8.003838	21.852507	70.143654
오후 4:53:16.195 	45.840127	33.586738	6.360895	5.734941	5.478801	39.645629	31.293508	5.751160	8.560755	11.555324	68.271264	67.214372	80.511914	9.028258	20.794116	70.177626
오후 4:53:17.201 	44.899230	34.729887	6.011487	5.745637	5.587173	38.048442	32.300544	5.498779	8.843454	12.187760	68.234502	67.519754	80.074827	9.634739	20.027148	70.338112
오후 4:53:18.322 	42.177221	36.127898	7.023397	6.050769	5.442149	36.480301	32.806096	6.416957	9.100519	11.967103	68.211546	67.369321	80.390821	7.749075	21.566812	70.684113
오후 4:53:19.217 	47.609244	32.548897	5.764224	5.990088	5.493660	41.923417	28.674984	5.219660	9.119320	12.223746	68.170264	66.683735	80.495876	7.245501	20.732877	72.021622
오후 4:53:20.197 	43.654636	34.410883	6.869876	6.460379	5.622910	37.673825	29.084136	5.325811	9.820283	14.669136	67.909968	64.898787	81.027803	7.239898	20.780814	71.979288
오후 4:53:21.206 	43.536182	35.829764	7.054320	6.066969	4.295520	35.076158	31.577568	6.565886	10.064247	12.711899	67.773767	63.204549	81.055321	7.824030	20.749156	71.426813
오후 4:53:22.196 	44.150904	33.114925	7.826198	6.900006	4.840938	35.281094	26.590167	7.096126	11.986967	15.325553	67.769236	63.125968	81.458336	7.980137	19.950097	72.069766
오후 4:53:23.221 	44.604132	33.183485	7.756821	6.700564	4.649797	35.045594	27.227064	7.121634	11.692388	15.267081	67.764706	63.088178	81.458336	8.282125	19.508633	72.209242
오후 4:53:24.203 	44.657801	33.087959	7.782578	6.737692	4.565960	35.145371	27.091826	7.133876	11.960202	14.982701	67.564458	62.244951	82.085001	8.081777	19.758799	72.159424
오후 4:53:25.220 	44.674480	33.182940	7.636079	6.853658	4.510718	35.027726	26.813539	6.949177	12.241324	15.288584	67.518766	62.382103	82.098071	8.381771	19.905082	71.713147
오후 4:53:26.228 	44.627971	33.252959	7.600801	6.859096	4.486668	34.909614	26.755706	6.927168	12.315092	15.350923	67.701349	63.611345	82.410980	8.948334	19.606567	71.445099
오후 4:53:27.205 	43.402952	33.185343	7.966096	7.277792	4.783614	34.015390	26.382869	7.097194	12.788111	15.881577	67.683269	63.538838	82.752098	8.431709	19.408011	72.160280
오후 4:53:28.240 	44.479693	32.892272	7.670290	7.166460	4.694525	34.411398	26.302470	6.947784	12.797081	15.839760	67.723963	63.351396	82.739332	8.422804	19.406333	72.170864
오후 4:53:29.231 	42.469386	33.467623	8.054279	7.688082	4.984475	32.765399	26.200872	7.179073	13.418318	16.416042	67.810033	62.938823	82.570344	8.360105	19.414185	72.225710
오후 4:53:30.231 	43.231909	32.878763	8.017986	7.618886	4.971356	33.217169	25.971993	7.210512	13.297067	16.236635	67.950935	64.286486	83.334429	9.603051	19.604419	70.792530
오후 4:53:31.233 	43.361549	32.801015	7.998798	7.591183	4.938706	33.357765	26.011190	7.252575	13.400021	15.970394	68.216136	65.574125	82.903728	10.072160	19.925844	70.001996
오후 4:53:32.259 	43.444748	32.741843	8.121825	7.532281	4.841203	33.508127	26.045038	7.336249	13.376729	15.692206	68.395628	64.642008	76.297742	10.364377	20.136159	69.499464
오후 4:53:33.269 	44.133563	32.681548	7.983668	7.285879	4.693459	34.483972	26.474866	7.412511	12.974060	14.691292	68.252878	61.726858	74.176038	10.702753	20.019051	69.278196
오후 4:53:34.245 	43.286047	33.214296	7.997527	7.246159	5.034828	34.408849	26.798725	7.574607	12.850707	14.347919	68.340299	62.687746	73.369381	12.683597	21.132018	66.184385
오후 4:53:35.278 	41.476992	33.147277	7.420155	7.544984	6.781189	34.793645	28.318062	7.166699	11.940479	13.558340	68.740899	65.017521	72.936745	12.932267	21.748902	65.318831
오후 4:53:36.240 	39.675477	32.096713	6.678125	8.757843	8.605194	35.112309	29.163513	6.430748	10.671870	13.789950	68.975871	63.655312	73.088736	13.542229	22.515646	63.942125
오후 4:53:37.281 	40.827385	33.782696	6.496194	7.774789	7.656032	35.715943	32.383017	6.487709	9.384695	12.033751	69.268358	61.966321	73.164613	14.291307	22.833225	62.875469
오후 4:53:38.303 	46.959078	32.054718	5.361888	6.668011	6.270869	46.683379	28.580334	4.877255	7.401930	9.310559	69.771543	62.537392	71.856747	15.002508	21.905524	63.091968
오후 4:53:39.296 	48.797791	31.559104	5.285190	6.110107	5.718919	48.298122	28.158765	4.769494	6.991453	8.731553	69.953787	63.012837	71.920107	15.188236	21.910700	62.901064
오후 4:53:40.263 	50.482187	30.665057	5.166318	5.582615	5.607402	49.530615	27.563396	4.781915	6.545608	8.586260	70.146407	63.127139	62.654674	15.496403	23.009821	61.493775
오후 4:53:41.266 	48.552973	32.204585	5.252116	5.678809	5.728026	48.013788	28.580119	4.776651	6.791329	8.761727	70.160201	60.349457	51.417989	15.363143	23.938770	60.698087
오후 4:53:42.339 	48.266919	32.888915	5.147198	5.567631	5.625629	47.931401	28.790099	4.735341	6.742135	8.768086	70.304478	59.677511	51.540039	15.648275	23.589289	60.762436
오후 4:53:43.330 	48.684082	31.912922	5.300989	5.741405	5.791792	47.994577	28.035019	4.926294	6.943779	8.999458	70.379175	59.639134	51.056680	15.216082	24.024007	60.759911
오후 4:53:44.282 	48.911664	31.766828	5.250336	5.730564	5.791464	48.210293	27.972539	4.832112	6.955998	9.035306	70.580714	59.222657	51.194935	14.703419	23.408066	61.888515
오후 4:53:45.277 	48.900828	31.786942	5.227553	5.731789	5.807767	48.175065	27.961071	4.835407	6.951888	9.077382	70.862717	57.523190	49.920414	14.147376	23.658896	62.193729
오후 4:53:46.302 	47.462924	31.732613	5.654118	6.165749	6.179802	46.398674	28.012435	5.264724	7.449199	9.585327	70.886076	57.412007	50.059761	13.500395	23.628776	62.870829
오후 4:53:47.282 	47.842273	31.566118	5.496822	6.111779	6.198689	46.884211	27.745444	5.040086	7.424906	9.659678	70.956246	57.416546	50.185504	12.891422	23.312853	63.795725
오후 4:53:48.329 	46.173104	30.527808	5.502255	7.536224	7.354035	46.207378	27.339443	5.192877	8.052957	10.003434	71.163634	57.693075	50.283905	9.524072	22.673849	67.802079
오후 4:53:49.321 	46.442097	30.290762	5.434263	7.515546	7.302748	46.274953	27.258935	5.157827	8.066309	10.005349	71.192315	57.828201	49.435560	8.729553	23.517205	67.753242
오후 4:53:50.290 	46.493020	29.639721	5.374210	7.917503	7.675439	46.374697	25.834317	5.088566	8.695430	10.725445	71.295007	56.761571	49.130067	8.329463	24.002772	67.667765
오후 4:53:51.311 	46.540978	29.590180	5.396599	7.900099	7.667423	46.447450	25.744650	5.140277	8.683527	10.740265	71.413390	55.656460	48.310778	7.749743	24.073462	68.176794
오후 4:53:52.310 	46.523581	29.579306	5.468573	7.875886	7.663887	46.481505	25.766689	5.153360	8.658632	10.726788	71.489362	55.845045	48.518607	6.845847	23.283519	69.870634
오후 4:53:53.353 	43.925624	30.184964	6.757753	8.110851	7.323208	44.187006	26.502998	6.308854	8.784046	10.184041	71.641791	56.803493	48.319932	3.362005	21.529934	75.108062
오후 4:53:54.315 	46.044678	29.262322	5.492465	8.207466	7.966529	46.156197	24.875766	5.170661	9.096894	11.226144	71.917700	56.354774	48.193419	2.874440	19.076569	78.048991
오후 4:53:55.328 	45.993514	29.233239	5.501372	8.344752	7.967481	46.143199	25.221849	5.319632	8.942373	11.036460	72.007923	55.536269	47.206325	2.866990	18.991226	78.141785
오후 4:53:56.339 	46.134785	29.052217	5.594803	8.324552	8.002180	46.457134	24.798076	5.302942	9.055829	11.121028	72.001607	55.870524	47.220477	2.896257	18.304960	78.798783
오후 4:53:57.318 	46.367283	28.871948	5.709801	8.194901	7.903733	46.606644	24.764019	5.364064	8.919833	10.984983	72.107840	55.623671	46.938646	3.238488	18.069598	78.691914
오후 4:53:58.401 	46.320124	28.497829	5.740705	8.338750	8.038945	46.455239	24.633211	5.434904	9.024235	11.104984	72.203390	55.882034	47.169370	3.277626	17.945316	78.777058
오후 4:53:59.322 	46.495247	28.431729	5.603304	8.377623	8.114562	46.468537	24.511667	5.331209	9.115059	11.278693	72.131755	55.862252	47.049063	2.633740	19.941706	77.424553
오후 4:54:00.338 	46.425171	28.370396	5.622261	8.380227	8.190734	46.272747	24.420454	5.338139	9.205951	11.450320	72.131755	55.862252	46.993433	2.508776	20.063174	77.428050
오후 4:54:01.336 	46.334520	28.228897	5.568284	8.515613	8.299713	45.479347	23.925786	5.220485	9.765171	12.309254	72.222517	55.736803	47.113882	1.574113	19.428064	78.997823
오후 4:54:02.351 	46.044130	28.027790	5.499140	8.653681	8.800188	40.714626	24.639191	7.051147	9.616575	14.062911	72.578198	58.408335	47.021256	1.296209	19.311379	79.392412
오후 4:54:03.402 	45.512130	28.640033	5.391995	8.650201	8.877965	42.634955	27.736139	5.127262	8.636340	12.353913	72.864301	58.566287	45.997175	3.496656	22.069267	74.434077
오후 4:54:04.346 	45.442966	28.601115	5.379103	8.679764	8.921193	42.274060	27.772392	5.138650	8.683731	12.613717	72.995984	59.077844	46.132040	3.498967	21.160996	75.340037
오후 4:54:05.378 	45.368183	28.613537	5.345735	8.744494	8.954917	42.125211	27.584913	5.103093	8.873813	12.781704	73.026941	58.360377	46.559882	2.819930	21.054749	76.125321
오후 4:54:06.368 	45.639865	28.376894	5.341133	8.723108	8.973570	41.925745	26.979708	5.050638	9.169572	13.344740	73.138020	56.960788	46.121623	2.970370	21.055310	75.974319
오후 4:54:07.382 	45.725246	28.747957	5.285525	8.507799	8.818131	41.632162	26.922878	4.999634	9.273438	13.601179	73.249437	56.817785	46.559882	2.466199	22.390963	75.142838
오후 4:54:08.377 	45.593286	28.753436	5.264763	8.564680	8.897792	41.257599	26.765805	4.985813	9.477057	13.940247	73.302844	56.739428	46.121623	2.160082	23.756028	74.083890
오후 4:54:09.363 	45.797471	28.656136	5.227248	8.550121	8.876448	41.063864	26.611672	4.930820	9.717751	14.161321	73.438384	55.841803	46.412337	2.376364	23.634173	73.989463
오후 4:54:10.396 	45.640067	28.682624	5.263522	8.554544	8.919875	40.751246	26.474509	4.946511	9.839610	14.375870	73.300175	57.526700	46.072937	1.953276	24.083373	73.963351
오후 4:54:11.387 	45.546208	28.629519	5.256525	8.569664	9.037882	40.356385	26.238370	4.903917	9.973043	14.929409	73.225187	57.900064	46.596794	1.997019	25.457535	72.545446
오후 4:54:12.387 	45.338424	28.981581	5.259407	8.477232	8.923551	40.173056	26.435528	4.903452	9.970120	14.942627	73.400146	56.618303	46.516011	2.065161	25.591487	72.343352
오후 4:54:13.424 	43.056352	30.375338	5.127502	8.935329	9.176698	40.558508	26.352566	5.018354	9.909147	14.773384	73.434263	56.451066	46.737254	1.918074	27.604167	70.477759
오후 4:54:14.425 	40.624696	29.628427	5.385752	8.989022	11.387978	37.922293	27.312160	5.408190	9.466552	16.198133	73.419638	56.523116	45.770812	0.953753	27.784881	71.261365
오후 4:54:15.421 	40.947930	28.907500	5.151246	8.919080	11.657892	39.391738	27.243400	5.116886	8.988287	15.462280	73.522138	55.276747	45.733234	0.716067	28.405575	70.878357
오후 4:54:16.409 	38.631737	31.171148	5.777080	8.970994	11.431414	38.199463	29.464842	5.696945	8.582165	14.357235	73.719921	53.144184	45.143062	0.604558	25.824030	73.571412
오후 4:54:17.423 	39.831743	30.290342	5.186067	8.791962	11.452576	39.154004	29.631728	5.270849	8.302083	13.725574	73.831364	53.581615	44.802711	0.368386	26.536202	73.095412
오후 4:54:18.405 	39.019060	31.299973	5.239749	8.661682	11.315164	39.017196	30.226789	5.351845	8.062736	13.362944	73.959741	53.043003	44.600788	0.265780	26.104977	73.629243
오후 4:54:19.460 	39.333831	33.334189	5.115099	7.940683	10.486991	39.465185	31.849662	5.437796	7.283642	12.245128	74.276630	52.282168	44.266046	0.372706	25.750331	73.876963
오후 4:54:20.408 	40.265161	32.952304	5.054346	7.795435	10.301644	40.616778	31.376634	5.405137	7.109519	11.862127	74.473964	52.366502	43.307730	0.547918	26.517634	72.934448
오후 4:54:21.406 	40.584787	33.475298	4.869709	7.543244	10.070631	41.028349	31.943479	5.245833	6.846951	11.468763	74.627621	54.280411	43.307730	1.949106	34.904211	63.146683
오후 4:54:22.431 	40.102836	33.651080	4.906983	7.617670	10.111118	40.685414	32.213595	5.280440	6.837366	11.394202	74.871795	56.710443	42.798253	2.007268	35.176319	62.816413
오후 4:54:23.457 	39.760625	33.252599	5.196875	7.864712	10.324488	40.380760	31.933787	5.592497	7.020784	11.423485	75.340282	55.688067	41.655776	2.366855	42.365278	55.267866
오후 4:54:24.424 	39.663766	33.103619	5.265066	7.917687	10.389052	40.595544	31.890602	5.596096	6.963261	11.316856	75.577120	58.214711	41.435928	4.814121	45.691227	49.494652
오후 4:54:25.425 	39.859125	32.944957	5.181964	7.872287	10.432119	40.892209	31.838344	5.560456	6.858795	11.220396	76.241246	74.113258	55.060192	6.551540	45.782374	47.666086
오후 4:54:26.461 	40.198909	32.862337	5.143181	7.751058	10.322181	41.171361	32.044456	5.495427	6.745370	11.072376	76.511771	74.574204	55.077509	7.321440	46.334951	46.343609
오후 4:54:27.461 	40.022767	32.586982	5.201034	7.894715	10.534569	40.824285	32.112688	5.537374	6.836140	11.246907	77.034226	76.687921	54.933476	8.139135	45.018730	46.842135
오후 4:54:28.512 	38.386310	32.509140	6.184960	8.305974	10.641160	40.317647	32.323344	6.168981	6.862781	10.701758	77.311930	77.053081	54.105344	8.964153	43.812654	47.223193
오후 4:54:29.443 	37.769869	33.532310	6.988507	7.340796	9.980791	40.776319	32.508990	7.154096	5.521252	8.283152	77.703035	80.525794	54.076361	10.215993	40.996909	48.787099
오후 4:54:30.438 	37.276042	33.625573	7.167761	7.434661	10.035868	46.111987	30.380487	6.247668	4.993789	7.414863	77.932122	81.621687	54.076361	12.043044	35.395046	52.561910
오후 4:54:31.437 	36.426236	34.662040	7.315979	7.422191	9.977981	45.770238	30.691274	6.419443	5.024173	7.401276	78.367347	83.520902	53.740442	12.421751	33.572221	54.006028
오후 4:54:32.456 	7.539673	39.582707	23.985520	12.777411	4.826553	6.188110	38.174912	23.918386	13.109087	5.685190	78.811774	84.972276	53.067524	10.828958	31.126817	58.044225
오후 4:54:33.467 	21.309484	35.491195	20.773905	10.308699	3.909474	21.859441	35.727806	19.245440	10.570869	4.564103	78.996091	86.654906	53.117159	10.998751	27.223060	61.778190
오후 4:54:34.463 	21.258564	35.519486	20.798905	10.313432	3.904409	21.824431	35.739189	19.269041	10.580818	4.562042	79.066575	86.866650	53.509729	5.879798	21.880773	72.239429
오후 4:54:35.505 	21.303574	35.475562	20.790405	10.313550	3.899146	21.871661	35.697856	19.275974	10.576869	4.558048	78.947368	87.986739	57.354217	6.963882	25.732148	67.303970
오후 4:54:36.459 	21.320082	35.447611	20.791429	10.319690	3.897571	21.884840	35.675546	19.285542	10.587284	4.553969	78.785392	89.259909	57.051421	6.554212	28.017016	65.428772
오후 4:54:37.466 	21.203528	35.571758	20.802473	10.317588	3.899679	21.785931	35.783867	19.301847	10.588562	4.549088	79.126314	93.886180	75.466813	7.054699	27.904060	65.041242
오후 4:54:38.468 	21.284768	35.482742	20.807160	10.324929	3.896350	21.864088	35.718820	19.309700	10.589508	4.538840	79.142181	94.517754	75.980576	4.910155	24.385697	70.704148
오후 4:54:39.483 	21.305858	35.529228	20.765645	10.321639	3.892308	21.886737	35.743827	19.289994	10.587884	4.532487	79.164078	95.154528	76.338626	5.858447	22.168874	71.972679
오후 4:54:40.495 	21.322208	35.536125	20.758846	10.320569	3.891512	21.908659	35.737407	19.297854	10.583952	4.527044	79.476824	99.945640	84.409685	5.902381	22.205569	71.892050
오후 4:54:41.483 	21.288323	35.575934	20.755826	10.329457	3.891511	21.907152	35.750681	19.301984	10.587842	4.521104	79.365403	96.999648	77.305975	5.800715	21.751295	72.447990
오후 4:54:42.501 	21.376414	35.533902	20.734462	10.324292	3.889220	21.962125	35.725960	19.295730	10.584029	4.515780	79.527456	96.768951	77.463719	5.652005	19.533228	74.814767
오후 4:54:43.493 	21.399379	35.534544	20.731694	10.325214	3.887639	21.984738	35.718972	19.303676	10.583159	4.509153	80.113255	106.096789	86.280350	5.502269	19.565947	74.931784
오후 4:54:44.494 	21.420270	35.542114	20.718095	10.327370	3.887097	22.000427	35.720010	19.302614	10.583279	4.504978	80.782222	109.560779	87.706280	5.486701	19.235847	75.277453
오후 4:54:45.489 	21.441774	35.536363	20.714325	10.330512	3.886021	22.021453	35.703791	19.309603	10.584254	4.499634	80.963855	109.441990	88.187966	5.548770	19.113441	75.337789
오후 4:54:46.499 	21.455530	35.542455	20.708637	10.333654	3.886267	22.036547	35.704854	19.309982	10.584211	4.494978	81.559584	114.896309	91.027275	3.959929	24.546307	71.493764
오후 4:54:47.527 	21.461537	35.561512	20.696373	10.329972	3.887525	22.050597	35.704510	19.306101	10.581540	4.490741	81.626617	115.626002	91.615806	1.445988	36.050039	62.503973
오후 4:54:48.510 	21.469275	35.553827	20.704587	10.333287	3.884014	22.048265	35.699598	19.317004	10.583069	4.486717	82.313815	119.073252	92.478158	1.762836	36.536484	61.700680
오후 4:54:49.526 	21.509790	35.526305	20.691883	10.332941	3.883539	22.066270	35.680112	19.313872	10.581523	4.487482	82.868930	121.404168	92.489239	3.127857	32.849589	64.022554
오후 4:54:50.519 	21.518790	35.523464	20.690567	10.333274	3.882675	22.062874	35.675422	19.320641	10.580300	4.485318	83.261843	122.625088	104.557397	2.929270	32.943369	64.127361
오후 4:54:51.532 	21.524655	35.523399	20.692865	10.333904	3.879807	22.068107	35.667162	19.322887	10.582291	4.481793	83.391617	123.179848	105.151931	2.932427	31.538026	65.529547
오후 4:54:52.518 	21.530131	35.519783	20.685638	10.332437	3.882656	22.067194	35.662239	19.318020	10.580281	4.484146	83.492011	124.956741	106.623178	2.668152	31.188559	66.143288
오후 4:54:53.531 	21.531073	35.518409	20.681105	10.332946	3.880564	22.062556	35.653919	19.317693	10.580840	4.483672	83.625094	125.580598	107.293069	2.690909	30.474711	66.834381
오후 4:54:54.547 	21.538942	35.498630	20.683964	10.335698	3.881467	22.066533	35.629698	19.319354	10.582802	4.485363	84.854775	132.792158	106.988033	1.494094	33.434744	65.071161
오후 4:54:55.540 	21.505957	35.501080	20.690933	10.340905	3.884837	22.035764	35.632410	19.320465	10.586890	4.489888	85.426814	133.132427	107.542819	0.597821	37.828745	61.573434
오후 4:54:56.559 	21.489841	35.493908	20.699577	10.342259	3.885013	22.015074	35.622106	19.323625	10.591753	4.493257	85.727740	134.428548	108.937884	0.568984	41.263163	58.167852
오후 4:54:57.560 	21.493801	35.494543	20.687537	10.337744	3.883278	22.015472	35.623891	19.311238	10.584861	4.493981	85.947242	134.739469	109.651418	0.615085	42.450049	56.934866
오후 4:54:58.589 	21.484519	35.474443	20.695899	10.338297	3.883746	22.005436	35.601974	19.314260	10.587510	4.496355	86.400000	133.412360	110.242367	0.802963	41.580209	57.616828
