Time	Fp1_Delta(%)	Fp1_Theta(%)	Fp1_Alpha(%)	Fp1_Beta(%)	Fp1_Gamma(%)	Fp2_Delta(%)	Fp2_Theta(%)	Fp2_Alpha(%)	Fp2_Beta(%)	Fp2_Gamma(%)	Heartbeat(bpm)	SDNN(ms)	RMSSD(ms)	VLF(%)	LF(%)	HF(%)
오후 8:32:46.231 	29.745748	35.852629	13.901629	9.591861	4.454598	29.084766	32.222581	13.239221	10.819293	6.892169	112.463768	30.746654	41.796799	0.296169	30.568599	69.135232
오후 8:32:47.201 	29.716225	35.381794	14.204702	9.713285	4.536240	28.872490	31.358500	13.714490	11.076205	7.108236	112.552714	30.809987	41.763874	2.309284	26.361455	71.329261
오후 8:32:48.315 	29.565235	35.438991	14.226564	9.710114	4.569603	28.912389	31.228152	13.745163	11.144173	7.095888	112.620081	31.273311	42.308362	2.467787	26.106009	71.426204
오후 8:32:49.281 	29.414050	35.501046	14.380615	9.610701	4.590933	28.833821	31.251954	13.884147	11.141945	7.108044	112.662226	31.410388	42.369667	2.635139	26.171367	71.193493
오후 8:32:50.308 	30.270601	35.233651	14.092904	9.332142	4.499359	29.459302	31.355445	13.612007	10.802485	6.908326	112.548723	31.117950	42.582306	2.490997	26.043159	71.465844
오후 8:32:51.592 	29.234542	35.325011	14.385089	9.667921	4.661964	28.460706	31.099583	13.934412	11.227901	7.127811	112.751185	27.249480	35.352159	2.693440	26.760475	70.546084
오후 8:32:52.224 	30.618051	35.938412	12.973011	9.218187	4.471652	29.896727	31.813434	12.366906	10.771628	7.153958	112.811568	27.442421	35.569573	2.515829	26.384338	71.099833
오후 8:32:53.333 	30.195113	36.134235	12.866287	9.322179	4.566733	29.201610	32.113525	12.350887	10.899781	7.281423	112.836375	27.528596	35.646879	2.182797	26.388570	71.428633
오후 8:32:54.350 	30.390404	35.757142	13.015131	9.322360	4.645321	29.289843	32.134105	12.371912	10.863272	7.322532	112.906585	27.615058	35.524388	2.090840	26.523111	71.386049
오후 8:32:55.332 	30.498349	35.420676	13.052676	9.497303	4.662288	28.813938	32.242018	12.416275	11.086425	7.395363	113.112663	28.815148	36.194345	2.302022	26.127893	71.570085
오후 8:32:56.303 	30.929607	34.673254	13.163321	9.578599	4.740497	29.218279	31.484036	12.439493	11.246609	7.515446	113.267447	29.440602	35.683528	2.600715	25.418618	71.980667
오후 8:32:57.386 	30.380485	34.246351	13.675275	9.845131	4.798342	28.735279	30.994671	12.884489	11.522091	7.645421	113.474486	30.263910	35.115536	2.918442	25.151429	71.930129
오후 8:32:58.470 	30.585329	34.936150	13.325286	9.630689	4.739555	28.878667	31.792814	12.552170	11.246741	7.529611	113.656267	30.840362	34.233124	3.220128	26.144982	70.634890
오후 8:32:59.425 	29.390692	36.048626	13.534092	9.626899	4.741104	28.139389	32.356999	12.868034	11.309879	7.589213	113.829934	31.187959	34.251691	3.316926	25.926407	70.756667
오후 8:33:00.330 	29.934768	35.269604	13.519516	9.716569	4.783985	28.474923	31.774962	12.844286	11.408824	7.647619	113.838631	31.393345	34.838334	3.391732	25.407074	71.201194
오후 8:33:01.334 	30.083078	35.177356	13.433385	9.734161	4.794334	28.539308	31.727919	12.804276	11.438063	7.654654	114.039036	32.351404	34.899872	3.426620	24.959823	71.613557
오후 8:33:02.284 	30.250992	35.598988	13.235812	9.477021	4.668085	28.857508	32.078376	12.588652	11.240394	7.468254	114.012856	32.534544	35.149468	3.537333	24.828468	71.634199
오후 8:33:03.300 	30.459569	35.364542	13.281379	9.610239	4.720209	28.907562	31.924339	12.675973	11.351084	7.562794	114.336582	33.931795	36.271114	3.331480	25.316940	71.351580
오후 8:33:04.297 	30.234078	35.767611	13.233802	9.534213	4.679973	28.807003	32.115852	12.684418	11.293192	7.518284	114.521138	34.199481	36.027083	3.300873	25.344341	71.354786
오후 8:33:05.267 	30.630163	35.698597	13.177534	9.452499	4.622298	29.300893	32.006152	12.627071	11.158443	7.433428	114.732789	33.750362	35.502670	3.395360	25.212315	71.392326
오후 8:33:06.316 	30.603342	35.718218	13.164341	9.484112	4.632737	29.190330	32.023644	12.639523	11.201880	7.444645	114.757948	33.819128	35.891334	3.585002	25.184679	71.230319
오후 8:33:07.277 	30.893257	35.403159	12.992003	9.456463	4.613778	29.224437	31.839173	12.652592	11.200791	7.436069	114.889330	33.581330	35.900099	4.052394	25.258185	70.689421
오후 8:33:08.354 	30.800469	35.456152	13.049050	9.436348	4.618593	29.280872	31.897770	12.594107	11.165962	7.420849	114.959523	33.427445	35.744206	4.609938	25.317176	70.072886
오후 8:33:09.328 	30.882771	35.433281	13.030235	9.486234	4.626928	29.334743	31.909461	12.591291	11.195026	7.431929	114.869316	33.295800	35.589819	5.260916	25.348151	69.390932
오후 8:33:10.312 	30.910399	35.756735	12.856638	9.300988	4.532907	29.434340	32.226349	12.432960	10.994575	7.308148	114.935648	33.240913	35.548631	4.735531	25.859267	69.405202
오후 8:33:11.314 	30.436184	36.809408	12.737497	9.041151	4.416921	29.117056	33.112862	12.375803	10.721825	7.192590	115.038945	32.811373	34.597214	4.633564	25.838954	69.527482
오후 8:33:12.370 	30.392055	36.787151	12.598176	9.087336	4.412322	29.478694	32.881434	12.235532	10.669806	7.169297	115.185602	32.787383	34.270459	4.599969	25.842351	69.557680
오후 8:33:13.367 	30.594606	36.448002	12.546480	9.170425	4.411111	29.609972	32.735439	12.130292	10.712523	7.152313	115.156380	32.965258	34.649929	4.843035	26.001686	69.155279
오후 8:33:14.318 	30.563135	36.421977	12.482962	9.172700	4.421164	29.475039	32.782028	12.105447	10.720822	7.152754	115.051913	32.898992	34.536641	4.637115	25.984987	69.377898
오후 8:33:15.330 	30.567932	36.361729	12.538810	9.147630	4.413110	29.441290	32.639842	12.174708	10.758825	7.161633	115.145847	32.640356	34.421577	4.371918	25.884332	69.743750
오후 8:33:16.382 	30.618901	36.339912	12.538224	9.155391	4.389740	29.422331	32.721326	12.077103	10.804419	7.160013	115.214259	32.592879	34.651322	4.429047	25.946611	69.624342
오후 8:33:17.335 	30.650806	36.163770	12.689960	9.099242	4.380314	29.457275	32.607570	12.178609	10.794898	7.125411	115.239935	32.655580	34.767819	4.478389	26.034806	69.486805
오후 8:33:18.448 	31.218859	35.916451	12.473397	8.998839	4.344166	29.800209	32.526816	12.012048	10.724053	7.072991	115.239935	32.655580	34.397187	4.294052	26.057084	69.648864
오후 8:33:19.478 	30.931890	35.785918	12.653965	9.122883	4.377020	29.633072	32.302904	12.099149	10.910927	7.197755	115.393284	32.302046	34.121721	6.979604	42.068994	50.951402
오후 8:33:20.520 	31.213656	35.719100	12.569448	9.093654	4.321300	29.822718	32.149836	12.172406	10.882292	7.205992	115.394228	32.140159	33.580121	4.320244	26.297120	69.382636
오후 8:33:21.583 	31.231934	35.758338	12.630169	9.107528	4.312265	29.719064	32.304900	12.220926	10.895021	7.193860	115.540845	32.014115	33.699018	6.159818	42.421545	51.418637
오후 8:33:22.592 	30.879906	35.631360	12.878158	9.256111	4.395466	29.518088	32.147481	12.368120	11.007194	7.273886	115.666206	32.089242	33.190686	5.941179	42.800352	51.258469
오후 8:33:23.632 	30.887756	36.062185	12.605819	9.106198	4.350750	29.556298	32.379261	12.216106	10.892556	7.208757	115.524175	31.862743	32.442901	5.421814	42.823394	51.754791
오후 8:33:24.581 	30.839448	35.680899	12.785294	9.188522	4.394579	29.417476	32.073167	12.383871	10.984007	7.274545	115.488722	32.020739	32.384664	4.861807	42.778743	52.359450
오후 8:33:25.616 	30.980866	35.670461	12.703058	9.219328	4.403103	29.605584	32.000750	12.343452	11.028171	7.283673	115.550779	32.567517	34.848398	4.205948	42.835962	52.958090
오후 8:33:26.687 	30.922054	35.670849	12.742042	9.198298	4.433200	29.619013	31.935332	12.385478	11.032855	7.321979	115.606429	32.841954	34.429159	3.530810	42.430449	54.038741
오후 8:33:27.595 	30.835965	35.910814	12.767463	9.086553	4.375496	29.639934	31.995538	12.396025	10.954352	7.240835	115.688059	32.189212	34.035026	3.497415	42.269348	54.233237
오후 8:33:28.587 	30.400242	35.869884	13.085907	9.295382	4.332325	29.131317	32.435904	12.757378	10.971295	7.083256	115.706215	32.166854	33.578925	3.119133	42.287160	54.593708
오후 8:33:29.574 	31.438988	35.450058	12.859381	9.230353	4.108507	30.028016	32.615799	12.538033	10.904516	6.411041	115.924528	30.836074	33.499907	2.903655	42.563146	54.533198
오후 8:33:30.530 	32.471318	36.199796	12.541557	8.451325	3.770516	30.914228	33.622364	12.419553	10.320048	5.830305	116.113631	30.282689	33.617322	2.714556	43.733237	53.552208
오후 8:33:31.491 	31.076280	36.480339	13.042782	8.591898	3.731088	29.329831	33.616599	13.268375	10.581122	5.799889	116.429320	28.517089	33.617478	2.852790	43.282147	53.865064
오후 8:33:32.485 	30.366669	36.608427	13.600290	8.599147	3.670948	28.782541	33.723245	13.479671	10.669415	5.806029	116.493693	27.674015	33.314162	3.713740	44.638743	51.647518
오후 8:33:33.504 	31.223938	35.155611	13.928236	8.535075	3.946723	30.726029	34.417255	13.623511	8.992685	5.181849	116.454588	27.462566	33.112046	3.645364	44.656200	51.698436
오후 8:33:34.514 	27.526229	37.025969	14.257353	9.078492	4.125326	27.935121	36.719155	14.511464	9.095462	4.110627	116.480693	27.136652	32.890743	3.594985	44.847655	51.557360
오후 8:33:35.415 	28.304180	36.721643	14.160743	9.158783	3.934749	28.493117	36.275013	14.346937	9.263709	4.067878	116.443832	27.098314	32.701083	3.601241	44.906103	51.492656
오후 8:33:36.392 	27.899399	36.976481	14.478101	9.264075	4.018529	28.329327	35.811027	14.804745	9.578523	4.257309	116.310234	27.302824	32.710605	3.552387	45.018199	51.429414
오후 8:33:37.391 	28.265145	36.911865	14.241998	9.268577	4.035673	28.576085	35.799633	14.639542	9.579210	4.258967	116.319131	27.203161	32.315520	3.716012	44.910621	51.373368
오후 8:33:38.442 	28.455369	36.596664	14.334874	9.311482	4.063777	28.734461	35.530712	14.716681	9.643046	4.277270	116.247993	27.381570	32.296242	4.156496	44.234837	51.608667
오후 8:33:39.439 	28.544038	36.441691	14.397931	9.356800	4.098734	28.691336	35.639115	14.780105	9.681814	4.278234	116.132580	27.624661	32.303472	4.545272	43.661132	51.793596
오후 8:33:40.393 	28.778650	36.879968	14.327609	9.022709	4.007172	29.050657	36.029179	14.547488	9.358961	4.179871	115.990847	28.130153	32.397326	5.144992	43.262054	51.592954
오후 8:33:41.410 	27.866402	37.406864	14.277643	9.168208	4.072637	27.763084	36.630890	14.757910	9.557989	4.310120	116.052812	27.735628	32.646282	6.036314	43.300509	50.663176
오후 8:33:42.451 	26.287324	38.102827	14.450619	9.312162	4.158693	26.261190	37.365022	14.793578	9.673828	4.424262	116.052812	27.730013	32.665354	6.451172	43.183759	50.365069
오후 8:33:43.501 	26.871445	38.031961	14.237355	9.133644	4.057889	26.777642	37.291682	14.693375	9.447061	4.290148	116.003323	27.677632	32.492844	6.346368	43.219625	50.434007
오후 8:33:44.439 	25.804993	37.493642	15.009229	9.526428	4.106467	25.764904	36.473406	15.631872	9.897473	4.468493	116.024232	27.599088	32.339409	6.703280	42.593067	50.703653
오후 8:33:45.451 	25.990028	37.781418	14.945137	9.351574	4.060350	25.771923	36.614483	15.661353	9.830902	4.400314	115.885561	27.712496	32.282740	3.545096	25.663054	70.791850
오후 8:33:46.456 	26.874723	38.105876	14.308470	9.049946	3.800825	26.563206	36.970001	14.935074	9.616269	4.210386	115.799059	27.734838	32.244905	3.766019	25.627719	70.606262
오후 8:33:47.531 	27.016052	38.205757	14.194912	8.982886	3.722521	26.595819	36.991276	15.005326	9.501767	4.106353	115.488722	28.227893	31.633390	3.671635	25.984280	70.344085
오후 8:33:48.585 	27.100719	38.438644	14.029438	8.856325	3.713790	26.537451	37.385635	14.638641	9.447174	4.100320	115.480125	28.311529	32.838067	6.129490	43.307786	50.562724
오후 8:33:49.539 	25.567666	38.429217	14.693250	9.456806	3.782727	24.490794	37.585474	15.485251	9.975294	4.251955	115.344180	28.222398	32.440765	6.110802	43.283641	50.605557
오후 8:33:50.498 	26.385330	38.132663	14.608408	9.364576	3.656932	25.328411	37.056149	15.467683	9.919369	4.215346	115.269945	28.457483	32.466186	6.070090	43.283207	50.646703
오후 8:33:51.478 	26.867506	38.313738	14.132034	9.345869	3.513287	25.749996	37.524323	14.877879	9.813796	4.143333	115.164011	28.337145	32.264608	6.068831	43.264655	50.666514
오후 8:33:52.519 	26.760443	38.561934	14.313506	9.341640	3.498948	25.500387	38.013234	14.944882	9.737500	4.090477	115.097630	28.528323	32.282969	6.282328	43.151560	50.566111
오후 8:33:53.605 	26.465464	39.296158	14.090166	9.067770	3.301200	25.746589	38.364056	14.697278	9.428531	3.920029	114.998200	28.662423	32.356309	6.361789	42.978026	50.660184
오후 8:33:54.618 	27.310705	39.452017	13.581656	8.934699	3.146212	26.587427	38.115700	14.569300	9.361073	3.776013	114.775111	28.070601	31.666764	6.200038	43.085555	50.714407
오후 8:33:55.589 	26.760607	40.216897	13.716445	8.852504	3.032091	26.666668	38.474936	14.426424	9.261067	3.715173	114.635091	27.495005	32.328826	6.671779	42.733325	50.594896
오후 8:33:56.494 	26.641397	40.475287	13.756237	8.740131	2.988390	26.694307	38.553739	14.584881	9.100096	3.660199	114.405214	27.265052	32.774825	7.008502	42.848871	50.142627
오후 8:33:57.461 	26.423826	39.623162	13.946181	9.020847	3.077312	26.799040	37.094858	14.875292	9.451029	3.763517	114.225241	26.859755	32.774825	7.170545	42.821073	50.008382
오후 8:33:58.518 	26.511128	39.713402	13.803277	8.900117	3.001199	26.871714	37.116203	14.708566	9.392955	3.711794	113.933458	25.508174	32.142025	7.225273	42.921395	49.853332
오후 8:33:59.538 	26.681738	38.946294	14.118976	9.057563	3.033520	27.073811	36.516271	14.756452	9.527434	3.720209	113.794145	25.030024	31.828665	7.883834	42.049191	50.066975
오후 8:34:00.532 	26.711268	38.609902	14.050829	9.080565	2.989725	26.891115	36.726742	14.816879	9.489565	3.659761	113.530435	23.913460	31.919651	7.676795	42.076620	50.246585
오후 8:34:01.530 	25.986690	37.969623	14.755690	9.405270	3.070349	25.918292	36.543648	15.557716	9.733664	3.753226	113.341532	23.736811	30.022093	7.760990	42.050650	50.188361
오후 8:34:02.501 	26.446822	38.067709	14.795493	9.214791	3.026679	25.884269	36.637136	15.586463	9.701452	3.762323	113.097616	21.606280	30.154125	7.568727	42.491553	49.939720
오후 8:34:03.522 	26.452740	38.213970	14.639516	9.115859	3.027508	26.074212	36.878051	15.314550	9.645290	3.744830	112.859014	21.111863	30.583717	7.451118	41.116191	51.432691
오후 8:34:04.538 	25.094618	39.516729	14.842333	9.279087	3.150843	24.098139	39.235455	15.336652	9.723944	3.805598	112.735993	20.966092	30.861847	7.455839	40.417829	52.126332
오후 8:34:05.524 	26.725954	38.230830	14.636296	9.115493	3.082034	25.775374	38.016419	15.042369	9.573479	3.706503	112.785169	20.866198	30.446206	7.421382	41.094923	51.483695
오후 8:34:06.540 	26.278712	38.386399	15.008598	9.132069	3.105318	25.436247	38.087550	15.413400	9.608556	3.691484	112.711421	20.817922	31.085995	7.449443	41.773227	50.777329
오후 8:34:07.520 	25.908867	37.865165	15.561348	9.438796	3.247136	25.116269	37.398491	15.970815	9.957701	3.857482	112.735993	22.435658	33.493674	6.936080	39.593706	53.470213
오후 8:34:08.574 	25.970913	37.824779	15.391134	9.503110	3.177173	25.151032	37.152762	15.932743	9.903257	3.840507	112.875437	23.001698	35.088911	6.967131	36.761368	56.271502
오후 8:34:09.637 	25.756720	38.254836	15.236396	9.377515	3.194542	25.017895	37.377907	15.700611	9.837607	3.864053	112.859818	22.899599	35.005521	26.426184	56.150366	17.423449
오후 8:34:10.507 	25.212056	38.237883	15.732903	9.761017	3.238501	23.989110	37.421918	16.375366	10.198578	4.026321	112.727801	22.748019	35.032334	27.622081	53.314196	19.063723
오후 8:34:11.577 	24.028248	37.338917	16.827076	10.703366	3.515863	22.463791	37.055322	17.106840	11.105089	4.320281	112.654128	22.578231	35.001831	29.248798	52.277452	18.473750
오후 8:34:12.601 	23.997789	37.202133	16.774659	10.792397	3.570188	22.378202	36.887324	17.193400	11.236806	4.375305	112.643004	22.467293	35.072853	30.653055	49.109965	20.236980
오후 8:34:13.670 	24.038955	37.867181	16.390583	10.575905	3.519805	22.463296	37.537659	16.983448	10.991840	4.347024	112.742220	22.601352	35.433548	30.598429	46.610726	22.790845
오후 8:34:14.581 	24.640383	37.801867	16.408734	10.401662	3.416069	23.565828	37.426266	16.561940	10.789691	4.223792	112.634744	22.882845	36.267595	30.556220	46.810063	22.633717
오후 8:34:15.522 	24.666903	37.878392	16.307777	10.343154	3.406472	23.718941	37.528378	16.528988	10.676651	4.192797	112.618227	22.722244	36.114279	31.051596	47.292374	21.656030
오후 8:34:16.561 	24.584943	38.215225	16.185729	10.267077	3.406739	23.577622	37.748849	16.458177	10.674644	4.216540	112.576957	22.806370	36.551221	31.031572	47.171281	21.797147
오후 8:34:17.568 	23.665513	38.534566	16.399802	10.608050	3.514408	22.578759	38.121606	16.649331	11.057239	4.355943	112.601715	23.424969	37.719577	31.213376	45.968616	22.818008
오후 8:34:18.648 	23.596580	38.492735	16.323711	10.653084	3.522495	22.532552	38.167712	16.558564	11.078073	4.362126	112.659528	23.557013	37.760417	28.930225	47.797275	23.272499
오후 8:34:19.583 	23.440832	39.514231	16.124435	10.156451	3.374745	22.531162	39.161385	16.447879	10.586250	4.155368	112.654128	23.440336	37.670511	28.547398	48.669254	22.783348
오후 8:34:20.633 	24.166406	38.675698	16.099389	10.066910	3.307605	23.618236	38.083955	16.049662	10.557287	4.129164	112.535555	23.390688	37.684545	30.425223	46.727288	22.847489
오후 8:34:21.728 	24.094719	38.743389	16.129472	10.044358	3.309191	23.680905	38.162170	15.975290	10.524102	4.112571	112.523471	23.334343	37.634753	30.042428	45.966620	23.990951
오후 8:34:22.732 	24.107415	38.608287	16.152683	10.135385	3.319630	23.260676	38.272632	15.854506	10.669097	4.094982	112.499467	23.391598	37.872499	29.785907	44.721135	25.492958
오후 8:34:23.848 	23.256613	37.358466	17.208573	10.805883	3.488869	22.490952	37.701283	16.499016	11.078925	4.269685	112.507467	23.295659	36.533481	30.059635	44.375856	25.564508
오후 8:34:24.772 	23.524584	38.626553	16.526800	10.306168	3.425409	22.444078	38.988679	15.963068	10.713160	4.156258	112.491468	22.729665	36.500708	29.623328	45.030062	25.346610
오후 8:34:25.712 	24.234960	38.105947	16.490578	10.252086	3.385980	22.743099	38.966461	15.853775	10.718788	4.101863	112.408697	22.970921	36.453367	29.954843	43.701240	26.343918
오후 8:34:26.651 	24.220156	38.082250	16.445458	10.222302	3.387069	22.631404	39.076675	15.679991	10.722589	4.133437	112.484307	22.847780	36.757808	30.502633	41.905563	27.591804
오후 8:34:27.735 	23.263932	37.983645	16.946306	10.735681	3.523226	21.776334	39.284135	16.050613	11.048301	4.294242	112.487853	22.919021	36.871583	31.375821	41.633946	26.990234
오후 8:34:28.749 	23.113568	38.083526	17.040997	10.615964	3.466249	21.528570	39.430895	16.095238	11.064370	4.250067	112.472013	22.911810	36.841437	31.576639	43.829945	24.593416
오후 8:34:29.697 	21.771387	37.307954	18.194661	11.297562	3.563384	20.470636	38.197602	16.793666	11.719444	4.526657	112.483470	22.997609	36.991274	31.193657	47.280743	21.525600
오후 8:34:30.666 	21.680920	37.200767	17.862818	11.364102	3.630631	20.561865	37.907484	16.696382	11.838199	4.546972	112.543328	23.240607	37.281136	31.052289	47.530930	21.416780
오후 8:34:31.627 	21.647475	37.166221	17.936680	11.346839	3.619447	20.551957	37.890011	16.638091	11.923687	4.587111	112.614734	23.370519	37.291069	30.889929	46.037865	23.072206
오후 8:34:32.607 	21.277033	37.253897	18.054523	11.500682	3.625525	20.112310	38.488365	16.729318	12.016008	4.631187	112.511621	23.506805	37.815738	29.578948	46.460696	23.960356
오후 8:34:33.659 	22.551620	36.578351	17.514251	11.502132	3.546868	20.853359	37.977963	16.410004	12.118164	4.582315	112.464095	23.811814	38.238425	26.626394	48.288621	25.084985
오후 8:34:34.641 	22.599338	36.652357	17.557328	11.416582	3.581395	20.943214	37.924461	16.351183	12.180022	4.603535	112.495775	24.293646	38.798028	24.653690	48.554272	26.792038
오후 8:34:35.595 	22.566221	36.503768	17.745599	11.317386	3.588163	21.010461	37.722337	16.374666	12.106000	4.652634	112.595545	24.647850	38.962802	22.801689	48.334935	28.863375
오후 8:34:36.660 	23.648477	39.060231	16.202846	10.077387	3.194163	21.655523	39.685519	15.445853	11.187074	4.269235	112.608352	24.706883	39.316931	22.174287	51.320066	26.505647
오후 8:34:37.636 	23.752008	39.078608	16.182028	10.005304	3.158570	21.604331	39.559261	15.655504	11.079103	4.197836	112.715873	24.760904	39.399967	20.509244	53.003562	26.487194
오후 8:34:38.654 	25.218390	38.652493	15.745754	9.678709	3.038787	23.177765	38.877016	15.190827	10.802788	4.128087	112.877332	24.852919	39.278076	19.924532	53.598643	26.476825
오후 8:34:39.633 	24.551335	38.200222	16.446291	9.805972	3.096574	22.409507	38.168248	15.908322	11.037369	4.237121	113.093097	25.155508	38.616231	18.829800	54.980463	26.189737
오후 8:34:40.650 	25.215856	37.895392	16.015262	9.976387	3.148030	22.953994	37.689726	15.583486	11.308930	4.285112	113.264605	25.216118	38.712433	17.583228	56.219370	26.197402
오후 8:34:41.666 	25.275624	37.776795	15.974776	10.042926	3.127998	22.967781	37.570296	15.691952	11.392297	4.193280	113.329513	25.485104	38.889784	14.842264	49.387009	35.770728
오후 8:34:42.625 	25.281321	37.447243	16.000110	10.301081	3.110513	22.783872	37.752307	15.717546	11.460810	4.135896	113.410753	25.630582	39.119903	12.140996	48.504537	39.354467
오후 8:34:43.722 	25.386474	37.855802	15.674751	9.918420	2.982661	23.007014	37.815464	15.385443	11.142452	4.010892	113.446488	25.585587	38.977076	9.797617	49.535421	40.666962
오후 8:34:44.677 	25.675928	37.709732	15.473413	9.882324	3.005822	23.202847	37.734673	15.238454	11.115110	4.022802	113.519045	25.554642	38.828562	9.561943	49.794843	40.643214
오후 8:34:45.637 	25.506175	37.916354	15.475043	9.834993	2.957364	23.136425	38.036289	15.253983	11.020468	4.015667	113.672525	26.284008	39.490600	9.707341	49.258048	41.034611
오후 8:34:46.649 	25.354136	37.862364	15.411746	9.827737	2.968728	23.118715	38.042036	15.091210	11.052034	3.991462	113.842645	25.886491	39.068188	9.461039	48.507516	42.031445
오후 8:34:47.641 	25.391537	37.903694	15.270762	9.909510	2.939788	23.154570	38.258391	14.606402	11.168991	3.986828	113.956342	26.193591	39.168545	10.495936	47.950317	41.553747
오후 8:34:48.691 	25.577055	37.922076	15.162104	9.922574	2.916805	23.064551	38.523595	14.552603	11.120038	3.973605	113.980735	26.198240	39.315775	10.690955	49.177222	40.131822
오후 8:34:49.696 	24.792490	39.213348	15.126635	9.643336	2.812073	22.647686	39.620116	14.162167	11.093004	3.944548	114.192580	26.364527	39.988271	11.861229	51.562658	36.576113
오후 8:34:50.650 	25.400403	38.999492	14.843072	9.604200	2.812725	23.127068	39.239998	14.032773	11.115735	3.927838	114.196622	26.492764	40.154021	11.891209	52.225337	35.883454
오후 8:34:51.671 	25.279979	39.023582	14.789361	9.660954	2.813954	23.207004	38.964060	13.994483	11.174116	3.919452	114.353451	26.336113	40.142842	11.601209	51.882791	36.516000
오후 8:34:52.682 	25.223117	39.075113	14.775092	9.657330	2.788340	22.989850	39.025270	14.085082	11.179418	3.924978	114.467743	26.411980	40.100684	11.593279	50.609178	37.797542
오후 8:34:53.716 	25.482970	38.112858	15.280733	9.895703	2.868467	22.562854	38.539479	14.465322	11.554356	4.049392	114.626866	26.612958	40.023377	11.378912	50.146570	38.474518
오후 8:34:54.689 	25.471259	37.906621	15.512438	9.908055	2.864689	22.643409	38.459618	14.538599	11.541608	4.097749	114.601712	26.496076	40.160918	10.872653	49.329438	39.797909
오후 8:34:55.720 	25.438107	37.999488	15.495499	9.822002	2.875261	22.503087	38.507019	14.588030	11.472803	4.102069	114.735994	26.210675	39.518150	10.408155	47.923419	41.668426
오후 8:34:56.767 	25.316403	38.040533	15.525555	9.907975	2.895976	22.289145	38.711726	14.483124	11.594418	4.154524	114.820081	26.142776	39.428208	10.349303	49.295013	40.355684
오후 8:34:57.699 	25.633789	37.729299	15.503125	9.913161	2.848872	22.486554	38.629010	14.332437	11.652863	4.122733	114.853750	26.189080	39.420544	10.387088	50.264201	39.348711
오후 8:34:58.795 	25.711101	37.624033	15.479492	9.901790	2.855177	22.671901	38.394177	14.482213	11.618684	4.121449	114.985101	26.246842	39.348676	9.694937	51.096877	39.208186
오후 8:34:59.714 	25.061522	37.610449	15.793745	10.116167	2.937202	21.834521	38.242836	14.876116	11.902630	4.271430	115.051996	26.157489	39.373380	9.297913	51.443451	39.258636
오후 8:35:00.709 	25.088188	37.441431	16.263089	10.043280	2.912244	21.940966	37.847860	15.089132	11.910165	4.269314	115.183061	25.815608	39.284256	9.454866	51.120606	39.424528
오후 8:35:01.726 	25.605922	37.491996	15.981212	9.941658	2.884104	22.738091	37.790197	14.849168	11.733497	4.192839	115.089988	25.821603	38.936601	9.531589	51.631959	38.836452
오후 8:35:02.727 	25.557998	36.940136	15.959828	10.461768	2.994365	22.904577	37.259668	14.803524	12.014716	4.346767	115.166128	25.570258	38.820024	9.224859	51.748175	39.026965
오후 8:35:03.708 	25.167796	37.263996	15.928612	10.566361	3.001607	22.134020	37.760574	14.779912	12.125587	4.350402	115.200000	25.293502	38.208091	7.594448	52.930677	39.474875
오후 8:35:04.724 	24.049433	36.553858	16.712675	11.158064	3.187426	21.018457	36.261087	15.723856	12.932680	4.680471	115.073081	25.349568	37.989995	9.541997	53.397931	37.060072
오후 8:35:05.720 	23.763706	36.605554	16.958797	11.198852	3.160973	20.919478	36.513626	15.624602	12.920033	4.643714	115.149199	25.154689	37.608297	7.818940	52.304779	39.876281
오후 8:35:06.830 	23.748622	36.359424	17.097806	11.249216	3.164578	21.058161	36.361711	15.690689	12.847213	4.679998	115.200000	23.854919	34.431122	6.235329	52.500953	41.263717
오후 8:35:07.753 	23.885947	36.140215	17.198825	11.229592	3.161187	21.232457	36.382580	15.817145	12.717066	4.640316	115.102219	23.454907	34.095605	4.783664	53.904057	41.312279
오후 8:35:08.752 	23.813789	36.272861	17.233151	11.206737	3.155963	21.192060	36.455323	15.723162	12.857055	4.658417	115.144105	23.535207	34.181055	3.536865	57.859331	38.603804
오후 8:35:09.793 	23.825647	35.903462	17.496456	11.269344	3.139585	21.223642	36.366617	15.853857	12.919897	4.621349	115.320359	23.824033	34.590007	2.814092	59.893107	37.292801
오후 8:35:10.762 	23.842404	35.587038	17.662838	11.313348	3.149890	21.313975	36.104340	15.964827	13.012385	4.602296	115.370816	23.603176	34.483886	2.717443	59.705233	37.577324
오후 8:35:11.760 	23.989281	35.437523	17.523515	11.294900	3.175148	21.466962	36.116337	15.905704	12.843378	4.617774	115.305327	23.580376	34.238285	3.015583	61.366007	35.618410
오후 8:35:12.754 	24.988147	35.761931	16.960204	10.926357	3.074504	22.967623	36.084802	15.318790	12.337316	4.467347	115.379230	23.638839	33.377256	5.055871	62.416528	32.527600
오후 8:35:13.759 	23.828951	35.757869	17.466540	11.373588	3.191129	21.160062	36.146540	15.957561	13.008001	4.676927	115.573916	23.343910	33.297973	6.477369	60.425808	33.096823
오후 8:35:14.785 	23.916716	35.669850	17.491462	11.296360	3.214675	21.302543	35.867135	15.846121	13.004422	4.732454	115.556867	23.435478	33.562345	8.900299	60.233625	30.866076
오후 8:35:15.804 	23.823698	35.758143	17.372685	11.280055	3.196877	21.259620	35.765467	16.044199	12.995859	4.736140	115.657577	22.999756	33.082384	10.794804	60.114120	29.091076
오후 8:35:16.762 	23.817177	35.779791	17.188169	11.341048	3.209404	21.275503	35.865944	16.017104	12.879975	4.675652	115.793018	22.524262	31.557256	12.464934	57.698221	29.836845
오후 8:35:17.749 	23.461084	36.431042	17.122582	11.150268	3.128668	21.048713	36.738806	15.866687	12.527191	4.560398	115.742190	22.303493	31.374217	13.190926	56.975444	29.833630
오후 8:35:18.812 	24.337126	36.098737	17.091994	10.945002	3.081410	21.934257	36.360724	15.794479	12.413433	4.507041	115.725258	22.640095	32.128059	16.924010	51.381546	31.694444
오후 8:35:19.850 	23.483351	35.672575	17.828771	11.503711	3.228979	20.410359	36.175184	16.607006	13.168136	4.738363	115.843890	22.355788	32.155985	20.173068	47.626251	32.200681
오후 8:35:20.847 	23.622989	35.399989	17.735603	11.557035	3.259434	20.361149	35.844610	16.907524	13.185153	4.759720	115.962765	22.364752	31.969355	23.871873	47.729532	28.398595
오후 8:35:21.819 	23.674925	35.446217	17.628175	11.601592	3.232250	20.552991	35.737699	16.813258	13.173954	4.765954	116.033994	22.024478	31.862642	24.630778	47.385339	27.983883
오후 8:35:22.814 	24.037049	35.205230	17.881371	11.348736	3.227119	21.083496	35.671343	17.122146	12.845222	4.735949	116.202808	21.675831	31.221543	25.339550	48.994646	25.665803
오후 8:35:23.862 	24.004679	35.019745	18.039201	11.340354	3.223051	21.015846	35.687846	17.276131	12.776586	4.720034	116.236630	21.349791	30.571848	25.311093	49.019969	25.668938
오후 8:35:24.851 	23.291237	34.082782	18.763412	11.849773	3.329668	20.723751	34.540502	17.809842	13.259391	4.917501	116.246216	20.811882	30.162979	25.316681	48.995758	25.687561
오후 8:35:25.806 	23.274665	34.165268	18.560619	11.768863	3.288858	20.815291	34.585713	17.697163	13.050150	4.948435	116.279740	20.652348	30.082612	26.422146	48.283636	25.294217
오후 8:35:26.905 	23.158366	35.301662	18.247293	11.370908	3.193398	21.129907	35.240331	17.568396	12.573006	4.773158	116.272227	20.584893	30.006897	25.409331	46.165779	28.424890
오후 8:35:27.823 	24.217620	34.560323	18.212754	11.230320	3.177822	22.468641	34.213966	17.609307	12.405732	4.733314	116.272227	20.584893	30.004476	26.057648	47.106370	26.835982
오후 8:35:28.891 	24.681735	34.427698	17.885945	11.244523	3.224765	22.852487	34.130598	17.227545	12.420032	4.808126	116.288837	20.543826	29.783288	25.866982	47.038597	27.094421
오후 8:35:29.820 	24.593329	34.397601	17.907586	11.363840	3.241327	22.727209	34.300146	17.389181	12.330608	4.720921	116.255623	20.427380	29.604658	23.565017	45.530710	30.904273
오후 8:35:30.828 	25.155702	35.283643	17.153434	10.972719	3.165062	23.588761	35.306969	16.567145	11.784099	4.520347	116.239023	20.411266	29.069680	22.473947	46.343561	31.182492
오후 8:35:31.811 	24.987419	35.479718	17.087116	10.974975	3.158841	23.558570	35.400476	16.613692	11.668256	4.487514	116.363636	19.822970	28.904239	21.393989	47.812458	30.793553
오후 8:35:32.844 	24.164385	35.435896	17.619942	11.360727	3.329577	23.185888	34.795493	17.245541	11.986527	4.683590	116.330691	19.743286	28.285664	19.452981	48.957572	31.589447
오후 8:35:33.841 	23.941732	35.808946	17.590045	11.141287	3.297428	22.973040	35.089005	17.160178	11.805799	4.666382	116.479093	18.726678	27.451460	18.377106	50.760345	30.862548
오후 8:35:34.850 	24.072491	35.680384	17.707617	11.233828	3.285009	23.012039	35.269376	17.079353	11.909512	4.666695	116.363636	18.947649	27.857476	18.745045	50.962141	30.292814
오후 8:35:35.834 	21.753228	39.501788	16.820890	10.705389	3.145173	21.258030	38.763388	16.131319	11.328851	4.404765	116.339154	19.027966	28.329910	19.133817	50.522187	30.343996
오후 8:35:36.824 	22.208393	35.468691	18.283183	11.910859	3.499221	22.385952	34.953474	17.226722	12.325858	4.769842	116.298374	18.962241	28.092328	18.070220	51.159533	30.770247
오후 8:35:37.913 	21.285097	36.064301	18.405762	11.798816	3.484900	22.327516	35.459733	16.991703	12.062994	4.711739	116.241329	18.975432	28.175962	16.944326	52.688093	30.367581
오후 8:35:38.825 	21.807153	35.778123	18.174221	11.786115	3.466890	23.106835	35.183104	16.828670	11.912455	4.650694	116.133409	18.720930	28.318724	15.779772	53.497381	30.722847
오후 8:35:39.854 	21.917172	35.692236	18.090232	11.855142	3.459912	23.161193	35.106516	16.896285	11.868564	4.663463	116.051405	18.697200	28.379657	15.689402	53.078101	31.232497
오후 8:35:40.848 	22.138497	35.321577	18.078252	11.875762	3.480294	23.166016	34.818959	17.068288	11.751291	4.665452	115.969517	18.712448	28.188803	15.335634	50.972172	33.692194
오후 8:35:41.897 	22.465316	35.397796	17.931803	11.779720	3.474724	23.332621	34.909023	16.926419	11.622569	4.643718	115.977701	18.688923	28.425272	15.002671	48.694698	36.302631
오후 8:35:42.842 	22.170296	35.918219	17.745235	11.456784	3.491076	23.401547	34.839451	16.882367	11.406420	4.695669	116.002259	18.656358	28.239824	15.050526	48.386051	36.563422
오후 8:35:43.883 	21.261713	35.424345	18.307019	12.134358	3.662214	22.592303	34.604569	17.300331	11.950761	4.928612	115.904090	18.912256	28.755063	16.665099	50.350371	32.984530
오후 8:35:44.886 	21.106801	35.321467	18.472033	12.173078	3.680480	22.603218	34.340981	17.418853	12.023501	4.966235	115.814248	18.096820	27.618753	16.802379	50.567567	32.630054
오후 8:35:45.877 	21.094534	35.268425	18.461995	12.215683	3.731091	22.443208	34.164459	17.456328	12.079055	4.966616	115.846902	18.274367	27.396344	15.996608	49.444885	34.558507
오후 8:35:46.965 	20.883184	35.366610	18.480461	12.179876	3.741236	22.309202	34.326042	17.403768	12.088567	4.992339	115.685662	17.866419	27.629249	14.636175	48.693181	36.670644
오후 8:35:47.859 	20.786436	35.471266	18.379409	12.074186	3.765341	22.159585	34.654855	17.227804	12.079964	5.032265	115.726775	17.696838	26.616607	14.609572	48.514250	36.876179
오후 8:35:48.921 	21.255394	35.050858	18.415598	12.018464	3.788253	22.486132	34.160282	17.342129	12.109833	5.086259	115.628151	17.328433	26.660250	14.680472	48.519426	36.800102
오후 8:35:49.887 	20.711267	33.489657	19.055693	12.913918	4.125355	22.452678	33.186044	17.816988	12.677528	5.311769	115.649749	17.182423	26.544563	16.011831	47.841559	36.146610
오후 8:35:50.930 	20.329534	33.624737	19.208945	12.960924	4.154404	22.195552	33.277577	17.965275	12.681460	5.354972	115.521192	17.835634	27.055314	17.023186	47.750270	35.226544
오후 8:35:51.932 	20.341195	33.667871	19.346349	12.778364	4.178072	22.006126	33.513724	18.195911	12.538497	5.347442	115.392321	17.715168	26.795871	17.546581	47.757736	34.695683
오후 8:35:52.877 	24.679663	33.322836	17.441752	11.203107	3.689672	24.315215	33.305608	16.898798	11.521962	4.928131	115.264036	17.300057	25.889107	16.585686	51.841014	31.573300
오후 8:35:53.948 	24.090461	34.896785	16.794417	10.753217	3.530924	24.239456	34.361448	16.319598	11.079380	4.727506	115.112067	18.663348	26.984138	15.137126	51.270959	33.591914
오후 8:35:54.945 	23.219537	35.043736	17.084232	11.205313	3.719934	22.908552	34.003648	16.927495	12.227454	5.123456	114.992375	18.739073	27.778380	14.505762	52.585018	32.909220
오후 8:35:55.900 	23.118143	35.057445	17.016659	11.270397	3.907473	22.934849	34.073703	16.798752	12.080902	5.224100	114.941645	18.806433	27.875939	14.240529	52.379539	33.379932
오후 8:35:56.890 	24.874346	35.486655	15.952768	10.447700	3.694076	24.947736	34.466336	15.810850	11.243085	4.869240	114.841121	18.829576	27.921753	14.216638	50.262525	35.520836
오후 8:35:57.930 	24.502639	36.813249	15.576895	10.176655	3.665308	24.651272	35.759740	15.421850	10.886847	4.813676	114.803018	18.739389	27.950335	15.065426	49.148496	35.786079
오후 8:35:59.016 	24.069513	39.245167	14.726888	9.702182	3.483124	23.977380	38.590097	14.533769	10.427703	4.525141	114.796587	18.748603	27.956048	16.773064	48.787860	34.439075
오후 8:35:59.983 	26.640700	39.457630	13.697358	8.984106	3.167998	26.188951	39.251558	13.497140	9.713829	4.135175	114.847255	18.998353	28.048315	15.410299	53.774963	30.814738
오후 8:36:00.931 	27.878060	38.541869	13.902162	8.815124	3.160842	26.861901	38.547037	13.693032	9.618387	4.159007	114.901905	18.995993	28.176107	13.383168	55.903580	30.713252
오후 8:36:01.911 	28.233725	38.719808	13.475341	8.432466	3.068253	26.933919	39.155198	13.311439	9.251459	3.991271	114.869479	19.157546	28.276502	12.906373	56.769585	30.324042
오후 8:36:02.934 	27.004577	41.158053	13.049848	7.827196	3.022619	26.131482	40.694139	13.012902	8.882337	3.849584	114.983051	19.504207	28.725201	9.396558	61.053269	29.550172
오후 8:36:03.955 	26.981089	40.313928	12.932535	8.291792	3.277322	25.732658	40.360109	13.082151	9.314400	4.037453	115.002852	19.425222	28.594854	7.521866	34.780978	57.697155
오후 8:36:04.937 	27.733388	39.235811	12.882101	8.429759	3.369218	26.555810	39.305429	12.994309	9.422590	4.200639	114.301914	33.332702	44.493608	7.437515	33.919063	58.643422
오후 8:36:05.963 	27.017851	39.572515	13.235470	8.369276	3.409775	25.074635	39.060106	13.620037	9.768152	4.963333	114.212874	33.942188	46.146304	6.522166	29.722264	63.755570
오후 8:36:06.969 	27.260585	39.205757	13.115889	8.397318	3.634611	25.297644	38.841579	13.597821	9.803851	5.079102	114.342432	34.633477	48.278153	9.136208	38.648567	52.215225
오후 8:36:08.087 	27.085033	39.423136	13.166313	8.387619	3.702578	25.032502	38.466302	13.515934	9.959053	5.653722	114.374867	34.774081	48.544851	8.839276	37.760188	53.400535
오후 8:36:08.943 	27.028363	39.423213	13.119611	8.441325	3.794749	25.061357	38.417833	13.597623	9.917719	5.728993	114.301914	34.504938	48.161008	7.912355	36.313086	55.774559
오후 8:36:09.951 	29.359987	40.025575	11.933761	7.488008	3.439271	27.397020	39.280794	12.378971	8.973107	5.239756	114.431673	34.805008	48.305496	7.723438	33.662270	58.614292
